# laptime, ego_x_pos, ego_y_pos, actual speed, expected speed, tracking error, noise
0.000000  ,0.023223  ,-0.004690 ,7.998257  ,8.000000  ,0.033398  ,-0.065565 ,100.000000
0.000000  ,0.023223  ,-0.004690 ,7.998257  ,8.000000  ,0.033398  ,-0.011399 ,100.000000
0.020000  ,0.183109  ,-0.009773 ,7.998419  ,8.000000  ,0.029815  ,0.024243  ,0.090000  
0.020000  ,0.183109  ,-0.009773 ,7.998419  ,8.000000  ,0.029815  ,0.004306  ,0.090000  
0.040000  ,0.342997  ,-0.014893 ,7.998565  ,8.000000  ,0.019791  ,-0.000495 ,0.170000  
0.040000  ,0.342997  ,-0.014893 ,7.998565  ,8.000000  ,0.019791  ,-0.007014 ,0.170000  
0.060000  ,0.502879  ,-0.020284 ,7.998699  ,8.000000  ,0.014177  ,-0.007688 ,0.260000  
0.060000  ,0.502879  ,-0.020284 ,7.998699  ,8.000000  ,0.014177  ,0.043738  ,0.260000  
0.080000  ,0.662770  ,-0.025466 ,7.998819  ,8.000000  ,0.007911  ,0.027363  ,0.260000  
0.080000  ,0.662770  ,-0.025466 ,7.998819  ,8.000000  ,0.007911  ,-0.020255 ,0.260000  
0.100000  ,0.822672  ,-0.030377 ,7.998929  ,8.000000  ,0.001823  ,0.027617  ,0.340000  
0.100000  ,0.822672  ,-0.030377 ,7.998929  ,8.000000  ,0.001823  ,0.021450  ,0.340000  
0.120000  ,0.982586  ,-0.034957 ,7.999029  ,8.000000  ,0.000000  ,0.047776  ,0.430000  
0.120000  ,0.982586  ,-0.034957 ,7.999029  ,8.000000  ,0.000000  ,0.015366  ,0.430000  
0.140000  ,1.142516  ,-0.038997 ,7.999119  ,8.000000  ,0.009498  ,-0.014842 ,0.520000  
0.140000  ,1.142516  ,-0.038997 ,7.999119  ,8.000000  ,0.009498  ,0.009489  ,0.520000  
0.160000  ,1.302463  ,-0.042396 ,7.999201  ,8.000000  ,0.014133  ,0.055359  ,0.600000  
0.160000  ,1.302463  ,-0.042396 ,7.999201  ,8.000000  ,0.014133  ,0.033845  ,0.600000  
0.180000  ,1.462430  ,-0.044817 ,7.999275  ,8.000000  ,0.017820  ,-0.042522 ,0.600000  
0.180000  ,1.462430  ,-0.044817 ,7.999275  ,8.000000  ,0.017820  ,-0.019614 ,0.600000  
0.200000  ,1.622408  ,-0.046334 ,7.999342  ,8.000000  ,0.020597  ,-0.046255 ,0.690000  
0.200000  ,1.622408  ,-0.046334 ,7.999342  ,8.000000  ,0.020597  ,-0.006859 ,0.690000  
0.220000  ,1.782395  ,-0.046583 ,7.999403  ,8.000000  ,0.022081  ,0.049329  ,0.770000  
0.220000  ,1.782395  ,-0.046583 ,7.999403  ,8.000000  ,0.022081  ,0.073248  ,0.770000  
0.240000  ,1.942382  ,-0.045824 ,7.999459  ,8.000000  ,0.022546  ,0.042572  ,0.860000  
0.240000  ,1.942382  ,-0.045824 ,7.999459  ,8.000000  ,0.022546  ,-0.041956 ,0.860000  
0.260000  ,2.102364  ,-0.044341 ,7.999509  ,8.000000  ,0.022278  ,0.003223  ,0.950000  
0.260000  ,2.102364  ,-0.044341 ,7.999509  ,8.000000  ,0.022278  ,0.025689  ,0.950000  
0.280000  ,2.262333  ,-0.041715 ,7.999554  ,8.000000  ,0.020832  ,0.023739  ,0.950000  
0.280000  ,2.262333  ,-0.041715 ,7.999554  ,8.000000  ,0.020832  ,-0.028064 ,0.950000  
0.300000  ,2.422281  ,-0.037991 ,7.999596  ,8.000000  ,0.018284  ,0.048963  ,1.030000  
0.300000  ,2.422281  ,-0.037991 ,7.999596  ,8.000000  ,0.018284  ,0.014656  ,1.030000  
0.320000  ,2.582213  ,-0.033603 ,7.999633  ,8.000000  ,0.015054  ,0.024138  ,1.120000  
0.320000  ,2.582213  ,-0.033603 ,7.999633  ,8.000000  ,0.015054  ,-0.014769 ,1.120000  
0.340000  ,2.742116  ,-0.028245 ,7.999667  ,8.000000  ,0.010836  ,-0.037406 ,1.200000  
0.340000  ,2.742116  ,-0.028245 ,7.999667  ,8.000000  ,0.010836  ,0.024551  ,1.200000  
0.360000  ,2.901988  ,-0.022004 ,7.999698  ,8.000000  ,0.005717  ,0.001608  ,1.290000  
0.360000  ,2.901988  ,-0.022004 ,7.999698  ,8.000000  ,0.005717  ,0.019390  ,1.290000  
0.380000  ,3.061834  ,-0.015135 ,7.999726  ,8.000000  ,0.000072  ,-0.008105 ,1.290000  
0.380000  ,3.061834  ,-0.015135 ,7.999726  ,8.000000  ,0.000072  ,-0.063111 ,1.290000  
0.400000  ,3.221669  ,-0.007970 ,7.999752  ,8.000000  ,0.006163  ,0.013137  ,1.380000  
0.400000  ,3.221669  ,-0.007970 ,7.999752  ,8.000000  ,0.006163  ,-0.015854 ,1.380000  
0.420000  ,3.381496  ,-0.000642 ,7.999775  ,8.000000  ,0.012438  ,-0.059550 ,1.460000  
0.420000  ,3.381496  ,-0.000642 ,7.999775  ,8.000000  ,0.012438  ,-0.012100 ,1.460000  
0.440000  ,3.541323  ,0.006697  ,7.999796  ,8.000000  ,0.018744  ,-0.001205 ,1.550000  
0.440000  ,3.541323  ,0.006697  ,7.999796  ,8.000000  ,0.018744  ,0.070484  ,1.550000  
0.460000  ,3.701166  ,0.013687  ,7.999815  ,8.000000  ,0.024722  ,-0.043817 ,1.640000  
0.460000  ,3.701166  ,0.013687  ,7.999815  ,8.000000  ,0.024722  ,-0.066906 ,1.640000  
0.480000  ,3.861048  ,0.019735  ,7.999832  ,8.000000  ,0.029802  ,0.005313  ,1.640000  
0.480000  ,3.861048  ,0.019735  ,7.999832  ,8.000000  ,0.029802  ,0.084564  ,1.640000  
0.500000  ,4.020964  ,0.024808  ,7.999848  ,8.000000  ,0.033912  ,-0.028162 ,1.720000  
0.500000  ,4.020964  ,0.024808  ,7.999848  ,8.000000  ,0.033912  ,0.010920  ,1.720000  
0.520000  ,4.180911  ,0.028806  ,7.999862  ,8.000000  ,0.036969  ,-0.010291 ,1.810000  
0.520000  ,4.180911  ,0.028806  ,7.999862  ,8.000000  ,0.036969  ,-0.004225 ,1.810000  
0.540000  ,4.340879  ,0.031843  ,7.999875  ,8.000000  ,0.039085  ,-0.002580 ,1.890000  
0.540000  ,4.340879  ,0.031843  ,7.999875  ,8.000000  ,0.039085  ,-0.038944 ,1.890000  
0.560000  ,4.500868  ,0.033528  ,7.999886  ,8.000000  ,0.039870  ,0.026196  ,1.980000  
0.560000  ,4.500868  ,0.033528  ,7.999886  ,8.000000  ,0.039870  ,0.007953  ,1.980000  
0.580000  ,4.660864  ,0.033997  ,7.999897  ,8.000000  ,0.039478  ,0.003364  ,1.980000  
0.580000  ,4.660864  ,0.033997  ,7.999897  ,8.000000  ,0.039478  ,-0.046025 ,1.980000  
0.600000  ,4.820861  ,0.033410  ,7.999906  ,8.000000  ,0.038036  ,-0.035820 ,2.070000  
0.600000  ,4.820861  ,0.033410  ,7.999906  ,8.000000  ,0.038036  ,-0.007971 ,2.070000  
0.620000  ,4.980853  ,0.032023  ,7.999915  ,8.000000  ,0.035812  ,-0.019117 ,2.150000  
0.620000  ,4.980853  ,0.032023  ,7.999915  ,8.000000  ,0.035812  ,0.004137  ,2.150000  
0.640000  ,5.140837  ,0.029891  ,7.999923  ,8.000000  ,0.032861  ,-0.001210 ,2.240000  
0.640000  ,5.140837  ,0.029891  ,7.999923  ,8.000000  ,0.032861  ,0.011140  ,2.240000  
0.660000  ,5.300809  ,0.026955  ,7.999930  ,8.000000  ,0.029123  ,0.009940  ,2.320000  
0.660000  ,5.300809  ,0.026955  ,7.999930  ,8.000000  ,0.029123  ,0.071871  ,2.320000  
0.680000  ,5.460768  ,0.023418  ,7.999937  ,8.000000  ,0.024814  ,-0.004976 ,2.320000  
0.680000  ,5.460768  ,0.023418  ,7.999937  ,8.000000  ,0.024814  ,-0.007652 ,2.320000  
0.700000  ,5.620724  ,0.019707  ,7.999942  ,8.000000  ,0.020334  ,-0.011783 ,2.410000  
0.700000  ,5.620724  ,0.019707  ,7.999942  ,8.000000  ,0.020334  ,0.020227  ,2.410000  
0.720000  ,5.780680  ,0.016011  ,7.999948  ,8.000000  ,0.015884  ,-0.020294 ,2.500000  
0.720000  ,5.780680  ,0.016011  ,7.999948  ,8.000000  ,0.015884  ,-0.027911 ,2.500000  
0.740000  ,5.940640  ,0.012487  ,7.999953  ,8.000000  ,0.011616  ,-0.026294 ,2.580000  
0.740000  ,5.940640  ,0.012487  ,7.999953  ,8.000000  ,0.011616  ,-0.022826 ,2.580000  
0.760000  ,6.100603  ,0.009053  ,7.999957  ,8.000000  ,0.007449  ,0.012401  ,2.670000  
0.760000  ,6.100603  ,0.009053  ,7.999957  ,8.000000  ,0.007449  ,0.037660  ,2.670000  
0.780000  ,6.260569  ,0.005827  ,7.999961  ,8.000000  ,0.003504  ,0.055956  ,2.670000  
0.780000  ,6.260569  ,0.005827  ,7.999961  ,8.000000  ,0.003504  ,-0.008498 ,2.670000  
0.800000  ,6.420542  ,0.002922  ,7.999965  ,8.000000  ,0.000119  ,-0.088550 ,2.750000  
0.800000  ,6.420542  ,0.002922  ,7.999965  ,8.000000  ,0.000119  ,0.034053  ,2.750000  
0.820000  ,6.580527  ,0.000806  ,7.999968  ,8.000000  ,0.000000  ,0.014416  ,2.840000  
0.820000  ,6.580527  ,0.000806  ,7.999968  ,8.000000  ,0.000000  ,0.049907  ,2.840000  
0.840000  ,6.740521  ,-0.000461 ,7.999971  ,8.000000  ,0.004926  ,0.038410  ,2.930000  
0.840000  ,6.740521  ,-0.000461 ,7.999971  ,8.000000  ,0.004926  ,0.062073  ,2.930000  
0.860000  ,6.900519  ,-0.001184 ,7.999974  ,8.000000  ,0.006358  ,0.034899  ,3.010000  
0.860000  ,6.900519  ,-0.001184 ,7.999974  ,8.000000  ,0.006358  ,0.017707  ,3.010000  
0.880000  ,7.060518  ,-0.001273 ,7.999976  ,8.000000  ,0.007164  ,-0.068589 ,3.010000  
0.880000  ,7.060518  ,-0.001273 ,7.999976  ,8.000000  ,0.007164  ,-0.006215 ,3.010000  
0.900000  ,7.220515  ,-0.000432 ,7.999978  ,8.000000  ,0.007043  ,0.079365  ,3.100000  
0.900000  ,7.220515  ,-0.000432 ,7.999978  ,8.000000  ,0.007043  ,-0.023308 ,3.100000  
0.920000  ,7.380505  ,0.001364  ,7.999980  ,8.000000  ,0.000000  ,0.007121  ,3.180000  
0.920000  ,7.380505  ,0.001364  ,7.999980  ,8.000000  ,0.000000  ,0.016792  ,3.180000  
0.940000  ,7.540484  ,0.003922  ,7.999982  ,8.000000  ,0.004151  ,-0.073759 ,3.270000  
0.940000  ,7.540484  ,0.003922  ,7.999982  ,8.000000  ,0.004151  ,-0.006224 ,3.270000  
0.960000  ,7.700444  ,0.007476  ,7.999984  ,8.000000  ,0.001344  ,0.001536  ,3.360000  
0.960000  ,7.700444  ,0.007476  ,7.999984  ,8.000000  ,0.001344  ,0.015509  ,3.360000  
0.980000  ,7.860390  ,0.011618  ,7.999985  ,8.000000  ,0.002015  ,0.038037  ,3.360000  
0.980000  ,7.860390  ,0.011618  ,7.999985  ,8.000000  ,0.002015  ,0.031057  ,3.360000  
1.000000  ,8.020332  ,0.015913  ,7.999987  ,8.000000  ,0.005521  ,0.006121  ,3.440000  
1.000000  ,8.020332  ,0.015913  ,7.999987  ,8.000000  ,0.005521  ,0.009001  ,3.440000  
1.020000  ,8.180262  ,0.020631  ,7.999988  ,8.000000  ,0.000000  ,-0.002237 ,3.530000  
1.020000  ,8.180262  ,0.020631  ,7.999988  ,8.000000  ,0.000000  ,0.022038  ,3.530000  
1.040000  ,8.340184  ,0.025613  ,7.999989  ,8.000000  ,0.013576  ,0.011533  ,3.610000  
1.040000  ,8.340184  ,0.025613  ,7.999989  ,8.000000  ,0.013576  ,-0.057480 ,3.610000  
1.060000  ,8.500108  ,0.030540  ,7.999990  ,8.000000  ,0.017641  ,0.011483  ,3.700000  
1.060000  ,8.500108  ,0.030540  ,7.999990  ,8.000000  ,0.017641  ,-0.002430 ,3.700000  
1.080000  ,8.660034  ,0.035398  ,7.999991  ,8.000000  ,0.021568  ,0.039363  ,3.700000  
1.080000  ,8.660034  ,0.035398  ,7.999991  ,8.000000  ,0.021568  ,0.023642  ,3.700000  
1.100000  ,8.819962  ,0.040181  ,7.999992  ,8.000000  ,0.025408  ,-0.106169 ,3.790000  
1.100000  ,8.819962  ,0.040181  ,7.999992  ,8.000000  ,0.025408  ,-0.007372 ,3.790000  
1.120000  ,8.979895  ,0.044802  ,7.999993  ,8.000000  ,0.029047  ,-0.013966 ,3.870000  
1.120000  ,8.979895  ,0.044802  ,7.999993  ,8.000000  ,0.029047  ,-0.012039 ,3.870000  
1.140000  ,9.139828  ,0.049435  ,7.999993  ,8.000000  ,0.032655  ,-0.053849 ,3.960000  
1.140000  ,9.139828  ,0.049435  ,7.999993  ,8.000000  ,0.032655  ,-0.076581 ,3.960000  
1.160000  ,9.299772  ,0.053684  ,7.999994  ,8.000000  ,0.035834  ,0.047195  ,4.040000  
1.160000  ,9.299772  ,0.053684  ,7.999994  ,8.000000  ,0.035834  ,-0.037841 ,4.040000  
1.180000  ,9.459729  ,0.057364  ,7.999995  ,8.000000  ,0.038335  ,0.031607  ,4.040000  
1.180000  ,9.459729  ,0.057364  ,7.999995  ,8.000000  ,0.038335  ,-0.008686 ,4.040000  
1.200000  ,9.619703  ,0.060211  ,7.999995  ,8.000000  ,0.039983  ,-0.016236 ,4.130000  
1.200000  ,9.619703  ,0.060211  ,7.999995  ,8.000000  ,0.039983  ,0.015051  ,4.130000  
1.220000  ,9.779686  ,0.062552  ,7.999996  ,8.000000  ,0.041066  ,-0.013949 ,4.220000  
1.220000  ,9.779686  ,0.062552  ,7.999996  ,8.000000  ,0.041066  ,0.010476  ,4.220000  
1.240000  ,9.939672  ,0.064687  ,7.999996  ,8.000000  ,0.041880  ,-0.043824 ,4.300000  
1.240000  ,9.939672  ,0.064687  ,7.999996  ,8.000000  ,0.041880  ,0.007418  ,4.300000  
1.260000  ,10.099663 ,0.066347  ,7.999996  ,8.000000  ,0.042151  ,-0.025839 ,4.390000  
1.260000  ,10.099663 ,0.066347  ,7.999996  ,8.000000  ,0.042151  ,0.001327  ,4.390000  
1.280000  ,10.259660 ,0.067373  ,7.999997  ,8.000000  ,0.041632  ,0.029036  ,4.390000  
1.280000  ,10.259660 ,0.067373  ,7.999997  ,8.000000  ,0.041632  ,0.047351  ,4.390000  
1.300000  ,10.419659 ,0.067634  ,7.999997  ,8.000000  ,0.040322  ,-0.004146 ,4.480000  
1.300000  ,10.419659 ,0.067634  ,7.999997  ,8.000000  ,0.040322  ,-0.027057 ,4.480000  
1.320000  ,10.579659 ,0.067302  ,7.999997  ,8.000000  ,0.038336  ,0.066810  ,4.560000  
1.320000  ,10.579659 ,0.067302  ,7.999997  ,8.000000  ,0.038336  ,0.010837  ,4.560000  
1.340000  ,10.739658 ,0.066740  ,7.999998  ,8.000000  ,0.036032  ,-0.043838 ,4.650000  
1.340000  ,10.739658 ,0.066740  ,7.999998  ,8.000000  ,0.036032  ,-0.021779 ,4.650000  
1.360000  ,10.899655 ,0.065763  ,7.999998  ,8.000000  ,0.033220  ,-0.042176 ,4.730000  
1.360000  ,10.899655 ,0.065763  ,7.999998  ,8.000000  ,0.033220  ,0.003458  ,4.730000  
1.380000  ,11.059651 ,0.064646  ,7.999998  ,8.000000  ,0.030059  ,0.012796  ,4.730000  
1.380000  ,11.059651 ,0.064646  ,7.999998  ,8.000000  ,0.030059  ,0.057489  ,4.730000  
1.400000  ,11.219643 ,0.063088  ,7.999998  ,8.000000  ,0.026422  ,-0.003143 ,4.820000  
1.400000  ,11.219643 ,0.063088  ,7.999998  ,8.000000  ,0.026422  ,0.027186  ,4.820000  
1.420000  ,11.379631 ,0.061179  ,7.999998  ,8.000000  ,0.022324  ,-0.012201 ,4.910000  
1.420000  ,11.379631 ,0.061179  ,7.999998  ,8.000000  ,0.022324  ,-0.038907 ,4.910000  
1.440000  ,11.539621 ,0.059348  ,7.999999  ,8.000000  ,0.018188  ,0.069933  ,4.990000  
1.440000  ,11.539621 ,0.059348  ,7.999999  ,8.000000  ,0.018188  ,-0.042930 ,4.990000  
1.460000  ,11.699609 ,0.057411  ,7.999999  ,8.000000  ,0.013825  ,0.034506  ,5.080000  
1.460000  ,11.699609 ,0.057411  ,7.999999  ,8.000000  ,0.013825  ,0.002137  ,5.080000  
1.480000  ,11.859597 ,0.055435  ,7.999999  ,8.000000  ,0.009153  ,0.031253  ,5.080000  
1.480000  ,11.859597 ,0.055435  ,7.999999  ,8.000000  ,0.009153  ,0.006053  ,5.080000  
1.500000  ,12.019589 ,0.053892  ,7.999999  ,8.000000  ,0.004870  ,0.010749  ,5.160000  
1.500000  ,12.019589 ,0.053892  ,7.999999  ,8.000000  ,0.004870  ,-0.030080 ,5.160000  
1.520000  ,12.179587 ,0.053048  ,7.999999  ,8.000000  ,0.000000  ,0.059630  ,5.250000  
1.520000  ,12.179587 ,0.053048  ,7.999999  ,8.000000  ,0.000000  ,0.008618  ,5.250000  
1.540000  ,12.339587 ,0.052904  ,7.999999  ,8.000000  ,0.002029  ,0.006788  ,5.340000  
1.540000  ,12.339587 ,0.052904  ,7.999999  ,8.000000  ,0.002029  ,-0.021728 ,5.340000  
1.560000  ,12.499585 ,0.053665  ,7.999999  ,8.000000  ,0.004451  ,0.015329  ,5.420000  
1.560000  ,12.499585 ,0.053665  ,7.999999  ,8.000000  ,0.004451  ,-0.095387 ,5.420000  
1.580000  ,12.659574 ,0.055496  ,7.999999  ,8.000000  ,0.006140  ,0.026226  ,5.420000  
1.580000  ,12.659574 ,0.055496  ,7.999999  ,8.000000  ,0.006140  ,-0.000033 ,5.420000  
1.600000  ,12.819551 ,0.058174  ,7.999999  ,8.000000  ,0.007038  ,-0.016238 ,5.510000  
1.600000  ,12.819551 ,0.058174  ,7.999999  ,8.000000  ,0.007038  ,0.039553  ,5.510000  
1.620000  ,12.979509 ,0.061825  ,7.999999  ,8.000000  ,0.000000  ,0.002939  ,5.590000  
1.620000  ,12.979509 ,0.061825  ,7.999999  ,8.000000  ,0.000000  ,-0.051233 ,5.590000  
1.640000  ,13.139434 ,0.066729  ,7.999999  ,8.000000  ,0.006169  ,-0.013120 ,5.680000  
1.640000  ,13.139434 ,0.066729  ,7.999999  ,8.000000  ,0.006169  ,0.003120  ,5.680000  
1.660000  ,13.299329 ,0.072503  ,8.000000  ,8.000000  ,0.004517  ,-0.017676 ,5.770000  
1.660000  ,13.299329 ,0.072503  ,8.000000  ,8.000000  ,0.004517  ,-0.025982 ,5.770000  
1.680000  ,13.459200 ,0.078939  ,8.000000  ,8.000000  ,0.002616  ,0.035664  ,5.770000  
1.680000  ,13.459200 ,0.078939  ,8.000000  ,8.000000  ,0.002616  ,-0.021139 ,5.770000  
1.700000  ,13.619047 ,0.085925  ,8.000000  ,8.000000  ,0.000233  ,0.029929  ,5.850000  
1.700000  ,13.619047 ,0.085925  ,8.000000  ,8.000000  ,0.000233  ,-0.033520 ,5.850000  
1.720000  ,13.778870 ,0.093444  ,8.000000  ,8.000000  ,0.000000  ,0.019975  ,5.940000  
1.720000  ,13.778870 ,0.093444  ,8.000000  ,8.000000  ,0.000000  ,-0.033211 ,5.940000  
1.740000  ,13.938669 ,0.101460  ,8.000000  ,8.000000  ,0.005449  ,0.029862  ,6.020000  
1.740000  ,13.938669 ,0.101460  ,8.000000  ,8.000000  ,0.005449  ,0.024988  ,6.020000  
1.760000  ,14.098451 ,0.109815  ,8.000000  ,8.000000  ,0.008539  ,0.039161  ,6.110000  
1.760000  ,14.098451 ,0.109815  ,8.000000  ,8.000000  ,0.008539  ,0.003179  ,6.110000  
1.780000  ,14.258220 ,0.118414  ,8.000000  ,8.000000  ,0.011377  ,-0.021910 ,6.110000  
1.780000  ,14.258220 ,0.118414  ,8.000000  ,8.000000  ,0.011377  ,-0.031473 ,6.110000  
1.800000  ,14.417965 ,0.127432  ,8.000000  ,8.000000  ,0.014554  ,0.042009  ,6.200000  
1.800000  ,14.417965 ,0.127432  ,8.000000  ,8.000000  ,0.014554  ,-0.005509 ,6.200000  
1.820000  ,14.577688 ,0.136839  ,8.000000  ,8.000000  ,0.017863  ,-0.010188 ,6.280000  
1.820000  ,14.577688 ,0.136839  ,8.000000  ,8.000000  ,0.017863  ,-0.012341 ,6.280000  
1.840000  ,14.737401 ,0.146430  ,8.000000  ,8.000000  ,0.021092  ,0.028603  ,6.370000  
1.840000  ,14.737401 ,0.146430  ,8.000000  ,8.000000  ,0.021092  ,0.028360  ,6.370000  
1.860000  ,14.897086 ,0.156459  ,8.000000  ,8.000000  ,0.024486  ,-0.057594 ,6.450000  
1.860000  ,14.897086 ,0.156459  ,8.000000  ,8.000000  ,0.024486  ,-0.038341 ,6.450000  
1.880000  ,15.056755 ,0.166741  ,8.000000  ,8.000000  ,0.027556  ,0.062505  ,6.450000  
1.880000  ,15.056755 ,0.166741  ,8.000000  ,8.000000  ,0.027556  ,0.050718  ,6.450000  
1.900000  ,15.216419 ,0.177116  ,8.000000  ,8.000000  ,0.030627  ,0.079926  ,6.540000  
1.900000  ,15.216419 ,0.177116  ,8.000000  ,8.000000  ,0.030627  ,0.025613  ,6.540000  
1.920000  ,15.376101 ,0.187196  ,8.000000  ,8.000000  ,0.033115  ,-0.062402 ,6.630000  
1.920000  ,15.376101 ,0.187196  ,8.000000  ,8.000000  ,0.033115  ,0.037093  ,6.630000  
1.940000  ,15.535781 ,0.197309  ,8.000000  ,8.000000  ,0.035350  ,0.024001  ,6.710000  
1.940000  ,15.535781 ,0.197309  ,8.000000  ,8.000000  ,0.035350  ,0.050049  ,6.710000  
1.960000  ,15.695440 ,0.207737  ,8.000000  ,8.000000  ,0.037618  ,-0.024920 ,6.800000  
1.960000  ,15.695440 ,0.207737  ,8.000000  ,8.000000  ,0.037618  ,-0.030406 ,6.800000  
1.980000  ,15.855100 ,0.218170  ,8.000000  ,8.000000  ,0.039397  ,-0.002837 ,6.800000  
1.980000  ,15.855100 ,0.218170  ,8.000000  ,8.000000  ,0.039397  ,0.048262  ,6.800000  
2.000000  ,16.014772 ,0.228402  ,8.000000  ,8.000000  ,0.040905  ,-0.021237 ,6.880000  
2.000000  ,16.014772 ,0.228402  ,8.000000  ,8.000000  ,0.040905  ,0.053634  ,6.880000  
2.020000  ,16.174469 ,0.238251  ,8.000000  ,8.000000  ,0.041814  ,-0.039917 ,6.970000  
2.020000  ,16.174469 ,0.238251  ,8.000000  ,8.000000  ,0.041814  ,0.058921  ,6.970000  
2.040000  ,16.334192 ,0.247654  ,8.000000  ,8.000000  ,0.042080  ,-0.047786 ,7.060000  
2.040000  ,16.334192 ,0.247654  ,8.000000  ,8.000000  ,0.042080  ,0.009565  ,7.060000  
2.060000  ,16.493948 ,0.256486  ,8.000000  ,8.000000  ,0.041605  ,-0.046651 ,7.140000  
2.060000  ,16.493948 ,0.256486  ,8.000000  ,8.000000  ,0.041605  ,-0.007589 ,7.140000  
2.080000  ,16.653754 ,0.264370  ,8.000000  ,8.000000  ,0.040012  ,0.049749  ,7.140000  
2.080000  ,16.653754 ,0.264370  ,8.000000  ,8.000000  ,0.040012  ,-0.036312 ,7.140000  
2.100000  ,16.813611 ,0.271125  ,8.000000  ,7.937419  ,0.037281  ,-0.025625 ,7.230000  
2.100000  ,16.813611 ,0.271125  ,8.000000  ,7.937419  ,0.037281  ,-0.052139 ,7.230000  
2.120000  ,16.973291 ,0.276569  ,7.978458  ,7.820954  ,0.033228  ,-0.006983 ,7.310000  
2.120000  ,16.973291 ,0.276569  ,7.978458  ,7.820954  ,0.033228  ,0.123800  ,7.310000  
2.140000  ,17.132234 ,0.280741  ,7.924241  ,7.657911  ,0.027962  ,-0.027460 ,7.400000  
2.140000  ,17.132234 ,0.280741  ,7.924241  ,7.657911  ,0.027962  ,0.012745  ,7.400000  
2.160000  ,17.289727 ,0.283640  ,7.832564  ,7.493900  ,0.021566  ,-0.032031 ,7.490000  
2.160000  ,17.289727 ,0.283640  ,7.832564  ,7.493900  ,0.021566  ,-0.049777 ,7.490000  
2.180000  ,17.445142 ,0.285273  ,7.715988  ,7.511627  ,0.014419  ,-0.018940 ,7.490000  
2.180000  ,17.445142 ,0.285273  ,7.715988  ,7.511627  ,0.014419  ,0.001881  ,7.490000  
2.200000  ,17.598721 ,0.285489  ,7.645642  ,7.407943  ,0.006017  ,-0.067243 ,7.570000  
2.200000  ,17.598721 ,0.285489  ,7.645642  ,7.407943  ,0.006017  ,-0.018285 ,7.570000  
2.220000  ,17.750767 ,0.284221  ,7.563820  ,7.269137  ,0.003555  ,-0.003193 ,7.660000  
2.220000  ,17.750767 ,0.284221  ,7.563820  ,7.269137  ,0.003555  ,-0.022264 ,7.660000  
2.240000  ,17.900954 ,0.281725  ,7.462383  ,7.108232  ,0.013999  ,0.012092  ,7.750000  
2.240000  ,17.900954 ,0.281725  ,7.462383  ,7.108232  ,0.013999  ,-0.016242 ,7.750000  
2.260000  ,18.048866 ,0.277791  ,7.340476  ,7.115286  ,0.024880  ,-0.038839 ,7.750000  
2.260000  ,18.048866 ,0.277791  ,7.340476  ,7.115286  ,0.024880  ,-0.037071 ,7.750000  
2.280000  ,18.194777 ,0.272907  ,7.262960  ,7.019015  ,0.036523  ,0.022435  ,7.830000  
2.280000  ,18.194777 ,0.272907  ,7.262960  ,7.019015  ,0.036523  ,0.036128  ,7.830000  
2.300000  ,18.339037 ,0.267126  ,7.178988  ,6.882080  ,0.048590  ,-0.040993 ,7.920000  
2.300000  ,18.339037 ,0.267126  ,7.178988  ,6.882080  ,0.048590  ,-0.033138 ,7.920000  
2.320000  ,18.481395 ,0.260682  ,7.076786  ,6.740408  ,0.060823  ,-0.017624 ,8.000000  
2.320000  ,18.481395 ,0.260682  ,7.076786  ,6.740408  ,0.060823  ,0.009193  ,8.000000  
2.340000  ,18.621565 ,0.254261  ,6.960996  ,6.765540  ,0.071414  ,-0.083919 ,8.000000  
2.340000  ,18.621565 ,0.254261  ,6.960996  ,6.765540  ,0.071414  ,-0.011993 ,8.000000  
2.360000  ,18.759918 ,0.247628  ,6.893716  ,6.666787  ,0.082274  ,0.019849  ,8.090000  
2.360000  ,18.759918 ,0.247628  ,6.893716  ,6.666787  ,0.082274  ,-0.025035 ,8.090000  
2.380000  ,18.896803 ,0.240866  ,6.815601  ,6.516780  ,0.092700  ,-0.014528 ,8.180000  
2.380000  ,18.896803 ,0.240866  ,6.815601  ,6.516780  ,0.092700  ,-0.070096 ,8.180000  
2.400000  ,19.031859 ,0.234030  ,6.712740  ,6.537437  ,0.101631  ,-0.011225 ,8.180000  
2.400000  ,19.031859 ,0.234030  ,6.712740  ,6.537437  ,0.101631  ,0.026318  ,8.180000  
2.420000  ,19.165325 ,0.227622  ,6.652396  ,6.454399  ,0.110171  ,0.021728  ,8.260000  
2.420000  ,19.165325 ,0.227622  ,6.652396  ,6.454399  ,0.110171  ,-0.018577 ,8.260000  
2.440000  ,19.297528 ,0.221820  ,6.584241  ,6.323614  ,0.117596  ,-0.011997 ,8.350000  
2.440000  ,19.297528 ,0.221820  ,6.584241  ,6.323614  ,0.117596  ,-0.063902 ,8.350000  
2.460000  ,19.428179 ,0.216972  ,6.494527  ,6.333012  ,0.122739  ,0.061082  ,8.350000  
2.460000  ,19.428179 ,0.216972  ,6.494527  ,6.333012  ,0.122739  ,-0.004544 ,8.350000  
2.480000  ,19.557428 ,0.213179  ,6.438930  ,6.250004  ,0.126910  ,0.002756  ,8.430000  
2.480000  ,19.557428 ,0.213179  ,6.438930  ,6.250004  ,0.126910  ,0.012795  ,8.430000  
2.500000  ,19.685487 ,0.210176  ,6.373897  ,6.132284  ,0.129915  ,-0.028486 ,8.520000  
2.500000  ,19.685487 ,0.210176  ,6.373897  ,6.132284  ,0.129915  ,0.020239  ,8.520000  
2.520000  ,19.812075 ,0.208333  ,6.290728  ,6.152960  ,0.130731  ,-0.009140 ,8.520000  
2.520000  ,19.812075 ,0.208333  ,6.290728  ,6.152960  ,0.130731  ,-0.011408 ,8.520000  
2.540000  ,19.937386 ,0.207269  ,6.243305  ,6.067728  ,0.130943  ,-0.018332 ,8.610000  
2.540000  ,19.937386 ,0.207269  ,6.243305  ,6.067728  ,0.130943  ,0.039230  ,8.610000  
2.560000  ,20.061614 ,0.206563  ,6.182867  ,6.042933  ,0.130050  ,0.016902  ,8.610000  
2.560000  ,20.061614 ,0.206563  ,6.182867  ,6.042933  ,0.130050  ,0.028055  ,8.610000  
2.580000  ,20.184764 ,0.206125  ,6.134699  ,5.991901  ,0.128807  ,-0.043427 ,8.690000  
2.580000  ,20.184764 ,0.206125  ,6.134699  ,5.991901  ,0.128807  ,-0.061514 ,8.690000  
2.600000  ,20.306940 ,0.205811  ,6.085544  ,5.893806  ,0.127373  ,-0.031950 ,8.780000  
2.600000  ,20.306940 ,0.205811  ,6.085544  ,5.893806  ,0.127373  ,0.014495  ,8.780000  
2.620000  ,20.427956 ,0.205622  ,6.019543  ,5.894084  ,0.123929  ,0.005671  ,8.780000  
2.620000  ,20.427956 ,0.205622  ,6.019543  ,5.894084  ,0.123929  ,-0.055007 ,8.780000  
2.640000  ,20.547890 ,0.204874  ,5.976357  ,5.832884  ,0.121393  ,0.021606  ,8.860000  
2.640000  ,20.547890 ,0.204874  ,5.976357  ,5.832884  ,0.121393  ,-0.061973 ,8.860000  
2.660000  ,20.666887 ,0.203349  ,5.926970  ,5.812364  ,0.117497  ,0.019359  ,8.860000  
2.660000  ,20.666887 ,0.203349  ,5.926970  ,5.812364  ,0.117497  ,-0.047523 ,8.860000  
2.680000  ,20.784992 ,0.201212  ,5.887520  ,5.763314  ,0.113860  ,-0.010171 ,8.950000  
2.680000  ,20.784992 ,0.201212  ,5.887520  ,5.763314  ,0.113860  ,0.048758  ,8.950000  
2.700000  ,20.902253 ,0.198209  ,5.844765  ,5.688596  ,0.110675  ,-0.046551 ,9.040000  
2.700000  ,20.902253 ,0.198209  ,5.844765  ,5.688596  ,0.110675  ,-0.046108 ,9.040000  
2.720000  ,21.018502 ,0.193899  ,5.791008  ,5.687940  ,0.104245  ,-0.046782 ,9.040000  
2.720000  ,21.018502 ,0.193899  ,5.791008  ,5.687940  ,0.104245  ,-0.004829 ,9.040000  
2.740000  ,21.133793 ,0.187929  ,5.755530  ,5.640637  ,0.100379  ,0.029218  ,9.120000  
2.740000  ,21.133793 ,0.187929  ,5.755530  ,5.640637  ,0.100379  ,-0.035576 ,9.120000  
2.760000  ,21.248194 ,0.179756  ,5.715981  ,5.627665  ,0.094469  ,-0.004887 ,9.120000  
2.760000  ,21.248194 ,0.179756  ,5.715981  ,5.627665  ,0.094469  ,-0.013630 ,9.120000  
2.780000  ,21.361740 ,0.169620  ,5.685580  ,5.592211  ,0.090456  ,0.036133  ,9.210000  
2.780000  ,21.361740 ,0.169620  ,5.685580  ,5.592211  ,0.090456  ,-0.029606 ,9.210000  
2.800000  ,21.474443 ,0.157327  ,5.653440  ,5.537928  ,0.087934  ,-0.015123 ,9.290000  
2.800000  ,21.474443 ,0.157327  ,5.653440  ,5.537928  ,0.087934  ,-0.046157 ,9.290000  
2.820000  ,21.586148 ,0.142777  ,5.613678  ,5.536910  ,0.080512  ,-0.014995 ,9.290000  
2.820000  ,21.586148 ,0.142777  ,5.613678  ,5.536910  ,0.080512  ,0.014699  ,9.290000  
2.840000  ,21.696913 ,0.126236  ,5.587253  ,5.495181  ,0.077340  ,-0.040381 ,9.380000  
2.840000  ,21.696913 ,0.126236  ,5.587253  ,5.495181  ,0.077340  ,-0.015730 ,9.380000  
2.860000  ,21.806687 ,0.107221  ,5.555559  ,5.489980  ,0.070140  ,-0.052389 ,9.380000  
2.860000  ,21.806687 ,0.107221  ,5.555559  ,5.489980  ,0.070140  ,-0.002827 ,9.380000  
2.880000  ,21.915415 ,0.085533  ,5.532985  ,5.465271  ,0.066927  ,-0.011392 ,9.470000  
2.880000  ,21.915415 ,0.085533  ,5.532985  ,5.465271  ,0.066927  ,0.047879  ,9.470000  
2.900000  ,22.023043 ,0.060898  ,5.509677  ,5.459520  ,0.060934  ,-0.015861 ,9.470000  
2.900000  ,22.023043 ,0.060898  ,5.509677  ,5.459520  ,0.060934  ,0.030095  ,9.470000  
2.920000  ,22.129528 ,0.033282  ,5.492411  ,5.439170  ,0.058320  ,-0.023026 ,9.550000  
2.920000  ,22.129528 ,0.033282  ,5.492411  ,5.439170  ,0.058320  ,-0.081119 ,9.550000  
2.940000  ,22.234869 ,0.002841  ,5.474084  ,5.411904  ,0.057866  ,0.002854  ,9.640000  
2.940000  ,22.234869 ,0.002841  ,5.474084  ,5.411904  ,0.057866  ,-0.060966 ,9.640000  
2.960000  ,22.338854 ,-0.030675 ,5.452680  ,5.414866  ,0.051530  ,0.020363  ,9.640000  
2.960000  ,22.338854 ,-0.030675 ,5.452680  ,5.414866  ,0.051530  ,0.000555  ,9.640000  
2.980000  ,22.441499 ,-0.067087 ,5.439664  ,5.399679  ,0.051715  ,0.013558  ,9.720000  
2.980000  ,22.441499 ,-0.067087 ,5.439664  ,5.399679  ,0.051715  ,-0.004027 ,9.720000  
3.000000  ,22.542843 ,-0.106246 ,5.425900  ,5.398003  ,0.046535  ,-0.004131 ,9.720000  
3.000000  ,22.542843 ,-0.106246 ,5.425900  ,5.398003  ,0.046535  ,0.068232  ,9.720000  
3.020000  ,22.642982 ,-0.147786 ,5.416297  ,5.392649  ,0.046543  ,0.034668  ,9.810000  
3.020000  ,22.642982 ,-0.147786 ,5.416297  ,5.392649  ,0.046543  ,-0.013675 ,9.810000  
3.040000  ,22.741838 ,-0.191865 ,5.408157  ,5.388673  ,0.041817  ,-0.018507 ,9.810000  
3.040000  ,22.741838 ,-0.191865 ,5.408157  ,5.388673  ,0.041817  ,0.068156  ,9.810000  
3.060000  ,22.839426 ,-0.238342 ,5.401450  ,5.389260  ,0.041417  ,0.006086  ,9.900000  
3.060000  ,22.839426 ,-0.238342 ,5.401450  ,5.389260  ,0.041417  ,-0.026346 ,9.900000  
3.080000  ,22.935885 ,-0.286878 ,5.397254  ,5.384825  ,0.036828  ,0.041922  ,9.900000  
3.080000  ,22.935885 ,-0.286878 ,5.397254  ,5.384825  ,0.036828  ,-0.001145 ,9.900000  
3.100000  ,23.031148 ,-0.337542 ,5.392976  ,5.388063  ,0.035388  ,0.010148  ,9.980000  
3.100000  ,23.031148 ,-0.337542 ,5.392976  ,5.388063  ,0.035388  ,-0.019007 ,9.980000  
3.120000  ,23.125264 ,-0.390191 ,5.391285  ,5.384069  ,0.030880  ,0.026993  ,9.980000  
3.120000  ,23.125264 ,-0.390191 ,5.391285  ,5.384069  ,0.030880  ,0.016636  ,9.980000  
3.140000  ,23.218379 ,-0.444504 ,5.388801  ,5.387422  ,0.028362  ,0.034106  ,10.070000 
3.140000  ,23.218379 ,-0.444504 ,5.388801  ,5.387422  ,0.028362  ,0.033262  ,10.070000 
3.160000  ,23.310410 ,-0.500580 ,5.388326  ,5.398117  ,0.026493  ,-0.039323 ,10.150000 
3.160000  ,23.310410 ,-0.500580 ,5.388326  ,5.398117  ,0.026493  ,-0.031155 ,10.150000 
3.180000  ,23.401394 ,-0.558348 ,5.389235  ,5.386771  ,0.020846  ,-0.045204 ,10.150000 
3.180000  ,23.401394 ,-0.558348 ,5.389235  ,5.386771  ,0.020846  ,-0.076850 ,10.150000 
3.200000  ,23.491236 ,-0.617876 ,5.388387  ,5.392284  ,0.019099  ,0.024784  ,10.240000 
3.200000  ,23.491236 ,-0.617876 ,5.388387  ,5.392284  ,0.019099  ,0.004993  ,10.240000 
3.220000  ,23.579585 ,-0.679589 ,5.388749  ,5.387876  ,0.015618  ,0.009674  ,10.240000 
3.220000  ,23.579585 ,-0.679589 ,5.388749  ,5.387876  ,0.015618  ,0.043813  ,10.240000 
3.240000  ,23.666137 ,-0.743798 ,5.388448  ,5.397710  ,0.017132  ,-0.005743 ,10.330000 
3.240000  ,23.666137 ,-0.743798 ,5.388448  ,5.397710  ,0.017132  ,-0.035994 ,10.330000 
3.260000  ,23.750977 ,-0.810263 ,5.389308  ,5.393456  ,0.015969  ,-0.043895 ,10.330000 
3.260000  ,23.750977 ,-0.810263 ,5.389308  ,5.393456  ,0.015969  ,0.020622  ,10.330000 
3.280000  ,23.833925 ,-0.879092 ,5.389693  ,5.408077  ,0.019949  ,-0.040477 ,10.410000 
3.280000  ,23.833925 ,-0.879092 ,5.389693  ,5.408077  ,0.019949  ,0.000823  ,10.410000 
3.300000  ,23.914680 ,-0.950511 ,5.391400  ,5.405907  ,0.019510  ,-0.071723 ,10.410000 
3.300000  ,23.914680 ,-0.950511 ,5.391400  ,5.405907  ,0.019510  ,0.034093  ,10.410000 
3.320000  ,23.992871 ,-1.024772 ,5.392747  ,5.425052  ,0.024444  ,0.017702  ,10.500000 
3.320000  ,23.992871 ,-1.024772 ,5.392747  ,5.425052  ,0.024444  ,0.006835  ,10.500000 
3.340000  ,24.068263 ,-1.101933 ,5.395746  ,5.431694  ,0.024731  ,0.000174  ,10.500000 
3.340000  ,24.068263 ,-1.101933 ,5.395746  ,5.431694  ,0.024731  ,0.019563  ,10.500000 
3.360000  ,24.140636 ,-1.182019 ,5.399083  ,5.451650  ,0.029652  ,-0.023927 ,10.590000 
3.360000  ,24.140636 ,-1.182019 ,5.399083  ,5.451650  ,0.029652  ,-0.012691 ,10.590000 
3.380000  ,24.210079 ,-1.264766 ,5.403964  ,5.507545  ,0.036990  ,-0.018318 ,10.670000 
3.380000  ,24.210079 ,-1.264766 ,5.403964  ,5.507545  ,0.036990  ,-0.022330 ,10.670000 
3.400000  ,24.276754 ,-1.349945 ,5.413580  ,5.487549  ,0.034516  ,0.025071  ,10.670000 
3.400000  ,24.276754 ,-1.349945 ,5.413580  ,5.487549  ,0.034516  ,0.018945  ,10.670000 
3.420000  ,24.340580 ,-1.437483 ,5.420447  ,5.559823  ,0.040631  ,0.032981  ,10.760000 
3.420000  ,24.340580 ,-1.437483 ,5.420447  ,5.559823  ,0.040631  ,0.022934  ,10.760000 
3.440000  ,24.401696 ,-1.527177 ,5.433387  ,5.543279  ,0.038298  ,-0.014652 ,10.760000 
3.440000  ,24.401696 ,-1.527177 ,5.433387  ,5.543279  ,0.038298  ,-0.009547 ,10.760000 
3.460000  ,24.460493 ,-1.618683 ,5.443589  ,5.621686  ,0.042416  ,-0.059395 ,10.840000 
3.460000  ,24.460493 ,-1.618683 ,5.443589  ,5.621686  ,0.042416  ,-0.068168 ,10.840000 
3.480000  ,24.517106 ,-1.711870 ,5.460123  ,5.616877  ,0.039097  ,-0.132464 ,10.840000 
3.480000  ,24.517106 ,-1.711870 ,5.460123  ,5.616877  ,0.039097  ,-0.037241 ,10.840000 
3.500000  ,24.571384 ,-1.806794 ,5.474676  ,5.690887  ,0.040697  ,0.031160  ,10.930000 
3.500000  ,24.571384 ,-1.806794 ,5.474676  ,5.690887  ,0.040697  ,0.079141  ,10.930000 
3.520000  ,24.623343 ,-1.903401 ,5.494749  ,5.705971  ,0.036858  ,-0.038549 ,10.930000 
3.520000  ,24.623343 ,-1.903401 ,5.494749  ,5.705971  ,0.036858  ,-0.048820 ,10.930000 
3.540000  ,24.672918 ,-2.001698 ,5.514359  ,5.786772  ,0.036723  ,-0.052899 ,11.020000 
3.540000  ,24.672918 ,-2.001698 ,5.514359  ,5.786772  ,0.036723  ,-0.043639 ,11.020000 
3.560000  ,24.720368 ,-2.101537 ,5.539649  ,5.829908  ,0.032492  ,-0.008103 ,11.020000 
3.560000  ,24.720368 ,-2.101537 ,5.539649  ,5.829908  ,0.032492  ,-0.012131 ,11.020000 
3.580000  ,24.765741 ,-2.202909 ,5.566597  ,5.900759  ,0.030386  ,-0.058783 ,11.100000 
3.580000  ,24.765741 ,-2.202909 ,5.566597  ,5.900759  ,0.030386  ,-0.023539 ,11.100000 
3.600000  ,24.809184 ,-2.305754 ,5.597620  ,6.086458  ,0.029010  ,-0.034532 ,11.190000 
3.600000  ,24.809184 ,-2.305754 ,5.597620  ,6.086458  ,0.029010  ,0.009592  ,11.190000 
3.620000  ,24.850764 ,-2.410190 ,5.643003  ,6.049276  ,0.021982  ,-0.051833 ,11.190000 
3.620000  ,24.850764 ,-2.410190 ,5.643003  ,6.049276  ,0.021982  ,0.007076  ,11.190000 
3.640000  ,24.890531 ,-2.516219 ,5.680721  ,6.238434  ,0.018964  ,0.011901  ,11.270000 
3.640000  ,24.890531 ,-2.516219 ,5.680721  ,6.238434  ,0.018964  ,-0.042631 ,11.270000 
3.660000  ,24.928661 ,-2.623798 ,5.732499  ,6.250328  ,0.012374  ,-0.005674 ,11.270000 
3.660000  ,24.928661 ,-2.623798 ,5.732499  ,6.250328  ,0.012374  ,-0.070102 ,11.270000 
3.680000  ,24.965256 ,-2.732963 ,5.780573  ,6.393082  ,0.008304  ,-0.010738 ,11.360000 
3.680000  ,24.965256 ,-2.732963 ,5.780573  ,6.393082  ,0.008304  ,-0.071196 ,11.360000 
3.700000  ,25.000767 ,-2.843590 ,5.837438  ,6.478548  ,0.002237  ,-0.072889 ,11.360000 
3.700000  ,25.000767 ,-2.843590 ,5.837438  ,6.478548  ,0.002237  ,0.032031  ,11.360000 
3.720000  ,25.035679 ,-2.955627 ,5.896958  ,6.584591  ,0.000000  ,-0.008216 ,11.450000 
3.720000  ,25.035679 ,-2.955627 ,5.896958  ,6.584591  ,0.000000  ,-0.007475 ,11.450000 
3.740000  ,25.069991 ,-3.069140 ,5.960797  ,6.784303  ,0.008609  ,0.060570  ,11.530000 
3.740000  ,25.069991 ,-3.069140 ,5.960797  ,6.784303  ,0.008609  ,-0.012327 ,11.530000 
3.760000  ,25.103960 ,-3.184221 ,6.037251  ,6.782678  ,0.014329  ,-0.009100 ,11.530000 
3.760000  ,25.103960 ,-3.184221 ,6.037251  ,6.782678  ,0.014329  ,0.017318  ,11.530000 
3.780000  ,25.138160 ,-3.300751 ,6.106455  ,6.723664  ,0.020120  ,-0.052100 ,11.620000 
3.780000  ,25.138160 ,-3.300751 ,6.106455  ,6.723664  ,0.020120  ,-0.025160 ,11.620000 
3.800000  ,25.173119 ,-3.418375 ,6.163756  ,6.689116  ,0.025462  ,0.005180  ,11.620000 
3.800000  ,25.173119 ,-3.418375 ,6.163756  ,6.689116  ,0.025462  ,0.038324  ,11.620000 
3.820000  ,25.209044 ,-3.536815 ,6.212530  ,6.626344  ,0.031311  ,-0.079549 ,11.700000 
3.820000  ,25.209044 ,-3.536815 ,6.212530  ,6.626344  ,0.031311  ,0.019677  ,11.700000 
3.840000  ,25.245969 ,-3.655859 ,6.250948  ,6.531270  ,0.037756  ,0.031412  ,11.790000 
3.840000  ,25.245969 ,-3.655859 ,6.250948  ,6.531270  ,0.037756  ,-0.008281 ,11.790000 
3.860000  ,25.284280 ,-3.775140 ,6.276973  ,6.535338  ,0.040763  ,0.066370  ,11.790000 
3.860000  ,25.284280 ,-3.775140 ,6.276973  ,6.535338  ,0.040763  ,-0.020308 ,11.790000 
3.880000  ,25.323985 ,-3.894490 ,6.300959  ,6.488162  ,0.045328  ,-0.105651 ,11.880000 
3.880000  ,25.323985 ,-3.894490 ,6.300959  ,6.488162  ,0.045328  ,0.043743  ,11.880000 
3.900000  ,25.365647 ,-4.013608 ,6.318339  ,6.440699  ,0.050658  ,0.013139  ,11.960000 
3.900000  ,25.365647 ,-4.013608 ,6.318339  ,6.440699  ,0.050658  ,0.014443  ,11.960000 
3.920000  ,25.409790 ,-4.132134 ,6.329699  ,6.433056  ,0.049896  ,0.031378  ,11.960000 
3.920000  ,25.409790 ,-4.132134 ,6.329699  ,6.433056  ,0.049896  ,0.018246  ,11.960000 
3.940000  ,25.456407 ,-4.249934 ,6.339295  ,6.409285  ,0.052925  ,0.080709  ,12.050000 
3.940000  ,25.456407 ,-4.249934 ,6.339295  ,6.409285  ,0.052925  ,-0.017911 ,12.050000 
3.960000  ,25.505713 ,-4.366808 ,6.345792  ,6.396146  ,0.056473  ,0.062023  ,12.130000 
3.960000  ,25.505713 ,-4.366808 ,6.345792  ,6.396146  ,0.056473  ,0.017946  ,12.130000 
3.980000  ,25.557944 ,-4.482526 ,6.350467  ,6.394944  ,0.051536  ,-0.004247 ,12.130000 
3.980000  ,25.557944 ,-4.482526 ,6.350467  ,6.394944  ,0.051536  ,-0.011476 ,12.130000 
4.000000  ,25.613517 ,-4.596773 ,6.354596  ,6.387330  ,0.052218  ,0.029409  ,12.220000 
4.000000  ,25.613517 ,-4.596773 ,6.354596  ,6.387330  ,0.052218  ,-0.011227 ,12.220000 
4.020000  ,25.672597 ,-4.709327 ,6.357635  ,6.380530  ,0.048111  ,-0.084591 ,12.220000 
4.020000  ,25.672597 ,-4.709327 ,6.357635  ,6.380530  ,0.048111  ,-0.031123 ,12.220000 
4.040000  ,25.734980 ,-4.820145 ,6.359761  ,6.373059  ,0.046922  ,-0.013090 ,12.310000 
4.040000  ,25.734980 ,-4.820145 ,6.359761  ,6.373059  ,0.046922  ,0.012051  ,12.310000 
4.060000  ,25.800612 ,-4.929109 ,6.360995  ,6.378600  ,0.046415  ,-0.058394 ,12.390000 
4.060000  ,25.800612 ,-4.929109 ,6.360995  ,6.378600  ,0.046415  ,-0.038972 ,12.390000 
4.080000  ,25.869162 ,-5.036296 ,6.362630  ,6.377374  ,0.043614  ,-0.022191 ,12.390000 
4.080000  ,25.869162 ,-5.036296 ,6.362630  ,6.377374  ,0.043614  ,0.015938  ,12.390000 
4.100000  ,25.940099 ,-5.141957 ,6.363999  ,6.380077  ,0.043523  ,0.002629  ,12.480000 
4.100000  ,25.940099 ,-5.141957 ,6.363999  ,6.380077  ,0.043523  ,-0.014233 ,12.480000 
4.120000  ,26.013251 ,-5.246130 ,6.365491  ,6.383059  ,0.044648  ,0.012079  ,12.560000 
4.120000  ,26.013251 ,-5.246130 ,6.365491  ,6.383059  ,0.044648  ,0.052541  ,12.560000 
4.140000  ,26.088501 ,-5.348839 ,6.367122  ,6.378067  ,0.043731  ,0.056903  ,12.560000 
4.140000  ,26.088501 ,-5.348839 ,6.367122  ,6.378067  ,0.043731  ,-0.020816 ,12.560000 
4.160000  ,26.165753 ,-5.450083 ,6.368138  ,6.381654  ,0.045573  ,-0.020043 ,12.650000 
4.160000  ,26.165753 ,-5.450083 ,6.368138  ,6.381654  ,0.045573  ,0.038295  ,12.650000 
4.180000  ,26.244898 ,-5.549883 ,6.369393  ,6.389472  ,0.048543  ,0.008023  ,12.740000 
4.180000  ,26.244898 ,-5.549883 ,6.369393  ,6.389472  ,0.048543  ,-0.023855 ,12.740000 
4.200000  ,26.326027 ,-5.648118 ,6.371257  ,6.383526  ,0.047779  ,-0.003813 ,12.740000 
4.200000  ,26.326027 ,-5.648118 ,6.371257  ,6.383526  ,0.047779  ,0.019206  ,12.740000 
4.220000  ,26.408835 ,-5.744982 ,6.372396  ,6.384470  ,0.049962  ,0.077557  ,12.820000 
4.220000  ,26.408835 ,-5.744982 ,6.372396  ,6.384470  ,0.049962  ,-0.021542 ,12.820000 
4.240000  ,26.493245 ,-5.840483 ,6.373517  ,6.409991  ,0.052561  ,0.030522  ,12.910000 
4.240000  ,26.493245 ,-5.840483 ,6.373517  ,6.409991  ,0.052561  ,-0.020925 ,12.910000 
4.260000  ,26.579263 ,-5.934599 ,6.376903  ,6.393208  ,0.049952  ,0.076785  ,12.910000 
4.260000  ,26.579263 ,-5.934599 ,6.376903  ,6.393208  ,0.049952  ,-0.020040 ,12.910000 
4.280000  ,26.667064 ,-6.027122 ,6.378417  ,6.419243  ,0.051049  ,-0.019781 ,12.990000 
4.280000  ,26.667064 ,-6.027122 ,6.378417  ,6.419243  ,0.051049  ,-0.005599 ,12.990000 
4.300000  ,26.756778 ,-6.117864 ,6.382207  ,6.418661  ,0.049183  ,-0.009498 ,12.990000 
4.300000  ,26.756778 ,-6.117864 ,6.382207  ,6.418661  ,0.049183  ,0.000874  ,12.990000 
4.320000  ,26.848426 ,-6.206756 ,6.385592  ,6.426941  ,0.049410  ,-0.001560 ,13.080000 
4.320000  ,26.848426 ,-6.206756 ,6.385592  ,6.426941  ,0.049410  ,-0.029812 ,13.080000 
4.340000  ,26.941787 ,-6.293954 ,6.389430  ,6.466950  ,0.050125  ,0.028822  ,13.170000 
4.340000  ,26.941787 ,-6.293954 ,6.389430  ,6.466950  ,0.050125  ,-0.052319 ,13.170000 
4.360000  ,27.036814 ,-6.379500 ,6.396627  ,6.465325  ,0.047136  ,0.028608  ,13.170000 
4.360000  ,27.036814 ,-6.379500 ,6.396627  ,6.465325  ,0.047136  ,-0.017623 ,13.170000 
4.380000  ,27.133542 ,-6.463322 ,6.403005  ,6.488094  ,0.046427  ,-0.005443 ,13.250000 
4.380000  ,27.133542 ,-6.463322 ,6.403005  ,6.488094  ,0.046427  ,0.147471  ,13.250000 
4.400000  ,27.232176 ,-6.545119 ,6.410905  ,6.539136  ,0.046553  ,-0.039817 ,13.340000 
4.400000  ,27.232176 ,-6.545119 ,6.410905  ,6.539136  ,0.046553  ,-0.024502 ,13.340000 
4.420000  ,27.332558 ,-6.625080 ,6.422810  ,6.533692  ,0.042729  ,-0.022339 ,13.340000 
4.420000  ,27.332558 ,-6.625080 ,6.422810  ,6.533692  ,0.042729  ,-0.035762 ,13.340000 
4.440000  ,27.434541 ,-6.703354 ,6.433104  ,6.560441  ,0.041479  ,0.063520  ,13.430000 
4.440000  ,27.434541 ,-6.703354 ,6.433104  ,6.560441  ,0.041479  ,-0.037077 ,13.430000 
4.460000  ,27.537849 ,-6.780243 ,6.444926  ,6.641971  ,0.040166  ,-0.067082 ,13.510000 
4.460000  ,27.537849 ,-6.780243 ,6.444926  ,6.641971  ,0.040166  ,0.000146  ,13.510000 
4.480000  ,27.642702 ,-6.855528 ,6.463219  ,6.630042  ,0.034287  ,-0.070482 ,13.510000 
4.480000  ,27.642702 ,-6.855528 ,6.463219  ,6.630042  ,0.034287  ,0.013323  ,13.510000 
4.500000  ,27.749250 ,-6.928992 ,6.478707  ,6.684155  ,0.031454  ,0.012634  ,13.600000 
4.500000  ,27.749250 ,-6.928992 ,6.478707  ,6.684155  ,0.031454  ,-0.008700 ,13.600000 
4.520000  ,27.857199 ,-7.001008 ,6.497780  ,6.784998  ,0.028586  ,-0.035143 ,13.680000 
4.520000  ,27.857199 ,-7.001008 ,6.497780  ,6.784998  ,0.028586  ,-0.001703 ,13.680000 
4.540000  ,27.966384 ,-7.071980 ,6.524445  ,6.763772  ,0.020464  ,0.030264  ,13.680000 
4.540000  ,27.966384 ,-7.071980 ,6.524445  ,6.763772  ,0.020464  ,0.010880  ,13.680000 
4.560000  ,28.076889 ,-7.141799 ,6.546664  ,6.845739  ,0.014796  ,0.008179  ,13.770000 
4.560000  ,28.076889 ,-7.141799 ,6.546664  ,6.845739  ,0.014796  ,-0.003379 ,13.770000 
4.580000  ,28.188745 ,-7.210393 ,6.574430  ,6.983969  ,0.008835  ,0.003683  ,13.860000 
4.580000  ,28.188745 ,-7.210393 ,6.574430  ,6.983969  ,0.008835  ,-0.022711 ,13.860000 
4.600000  ,28.302205 ,-7.277603 ,6.612451  ,6.950289  ,0.001545  ,0.009325  ,13.860000 
4.600000  ,28.302205 ,-7.277603 ,6.612451  ,6.950289  ,0.001545  ,0.023321  ,13.860000 
4.620000  ,28.417149 ,-7.343644 ,6.643816  ,7.067439  ,0.009399  ,0.047119  ,13.940000 
4.620000  ,28.417149 ,-7.343644 ,6.643816  ,7.067439  ,0.009399  ,0.038009  ,13.940000 
4.640000  ,28.533570 ,-7.408512 ,6.683144  ,7.250169  ,0.017511  ,0.019968  ,14.030000 
4.640000  ,28.533570 ,-7.408512 ,6.683144  ,7.250169  ,0.017511  ,-0.021012 ,14.030000 
4.660000  ,28.651661 ,-7.472251 ,6.735786  ,7.211113  ,0.029331  ,-0.031425 ,14.030000 
4.660000  ,28.651661 ,-7.472251 ,6.735786  ,7.211113  ,0.029331  ,-0.011494 ,14.030000 
4.680000  ,28.771553 ,-7.534658 ,6.779915  ,7.164550  ,0.038585  ,0.022224  ,14.110000 
4.680000  ,28.771553 ,-7.534658 ,6.779915  ,7.164550  ,0.038585  ,0.026007  ,14.110000 
4.700000  ,28.892921 ,-7.595932 ,6.815624  ,6.948299  ,0.047977  ,0.019932  ,14.200000 
4.700000  ,28.892921 ,-7.595932 ,6.815624  ,6.948299  ,0.047977  ,0.009630  ,14.200000 
4.720000  ,29.015309 ,-7.656233 ,6.827942  ,6.993580  ,0.059947  ,0.033893  ,14.200000 
4.720000  ,29.015309 ,-7.656233 ,6.827942  ,6.993580  ,0.059947  ,-0.007259 ,14.200000 
4.740000  ,29.138613 ,-7.715281 ,6.843319  ,6.842676  ,0.070100  ,-0.010628 ,14.290000 
4.740000  ,29.138613 ,-7.715281 ,6.843319  ,6.842676  ,0.070100  ,0.015822  ,14.290000 
4.760000  ,29.262756 ,-7.772902 ,6.843098  ,6.651053  ,0.079918  ,0.014155  ,14.370000 
4.760000  ,29.262756 ,-7.772902 ,6.843098  ,6.651053  ,0.079918  ,0.084278  ,14.370000 
4.780000  ,29.386915 ,-7.828808 ,6.776992  ,6.685474  ,0.090030  ,0.006803  ,14.370000 
4.780000  ,29.386915 ,-7.828808 ,6.776992  ,6.685474  ,0.090030  ,0.004832  ,14.370000 
4.800000  ,29.510671 ,-7.883267 ,6.745489  ,6.576417  ,0.098846  ,-0.011600 ,14.460000 
4.800000  ,29.510671 ,-7.883267 ,6.745489  ,6.576417  ,0.098846  ,-0.026357 ,14.460000 
4.820000  ,29.634050 ,-7.936306 ,6.687290  ,6.431861  ,0.107121  ,-0.000180 ,14.540000 
4.820000  ,29.634050 ,-7.936306 ,6.687290  ,6.431861  ,0.107121  ,-0.061996 ,14.540000 
4.840000  ,29.756436 ,-7.987910 ,6.599365  ,6.451352  ,0.114254  ,0.034201  ,14.540000 
4.840000  ,29.756436 ,-7.987910 ,6.599365  ,6.451352  ,0.114254  ,-0.004452 ,14.540000 
4.860000  ,29.877840 ,-8.038313 ,6.548416  ,6.359059  ,0.120701  ,0.039539  ,14.630000 
4.860000  ,29.877840 ,-8.038313 ,6.548416  ,6.359059  ,0.120701  ,-0.059343 ,14.630000 
4.880000  ,29.998475 ,-8.087512 ,6.483235  ,6.259488  ,0.126377  ,-0.015587 ,14.720000 
4.880000  ,29.998475 ,-8.087512 ,6.483235  ,6.259488  ,0.126377  ,0.013227  ,14.720000 
4.900000  ,30.118112 ,-8.135368 ,6.406216  ,6.276178  ,0.128925  ,0.002534  ,14.720000 
4.900000  ,30.118112 ,-8.135368 ,6.406216  ,6.276178  ,0.128925  ,-0.016953 ,14.720000 
4.920000  ,30.237004 ,-8.181843 ,6.361454  ,6.200918  ,0.130916  ,-0.058907 ,14.800000 
4.920000  ,30.237004 ,-8.181843 ,6.361454  ,6.200918  ,0.130916  ,-0.016067 ,14.800000 
4.940000  ,30.355128 ,-8.227519 ,6.306194  ,6.179325  ,0.130065  ,0.053492  ,14.800000 
4.940000  ,30.355128 ,-8.227519 ,6.306194  ,6.179325  ,0.130065  ,-0.005103 ,14.800000 
4.960000  ,30.472247 ,-8.273067 ,6.262522  ,6.135687  ,0.129006  ,-0.010011 ,14.890000 
4.960000  ,30.472247 ,-8.273067 ,6.262522  ,6.135687  ,0.129006  ,0.011895  ,14.890000 
4.980000  ,30.588265 ,-8.319030 ,6.218863  ,6.080847  ,0.127940  ,0.000746  ,14.970000 
4.980000  ,30.588265 ,-8.319030 ,6.218863  ,6.080847  ,0.127940  ,-0.026822 ,14.970000 
5.000000  ,30.703140 ,-8.365390 ,6.171354  ,6.076542  ,0.123415  ,-0.024899 ,14.970000 
5.000000  ,30.703140 ,-8.365390 ,6.171354  ,6.076542  ,0.123415  ,0.048137  ,14.970000 
5.020000  ,30.816842 ,-8.412519 ,6.138718  ,6.041544  ,0.120042  ,0.015134  ,15.060000 
5.020000  ,30.816842 ,-8.412519 ,6.138718  ,6.041544  ,0.120042  ,0.012079  ,15.060000 
5.040000  ,30.929164 ,-8.461206 ,6.105268  ,5.992508  ,0.117550  ,-0.037192 ,15.150000 
5.040000  ,30.929164 ,-8.461206 ,6.105268  ,5.992508  ,0.117550  ,-0.025380 ,15.150000 
5.060000  ,31.039871 ,-8.511740 ,6.066453  ,5.991153  ,0.110830  ,-0.021159 ,15.150000 
5.060000  ,31.039871 ,-8.511740 ,6.066453  ,5.991153  ,0.110830  ,-0.038837 ,15.150000 
5.080000  ,31.148992 ,-8.564149 ,6.040533  ,5.958847  ,0.107496  ,-0.020206 ,15.230000 
5.080000  ,31.148992 ,-8.564149 ,6.040533  ,5.958847  ,0.107496  ,-0.030185 ,15.230000 
5.100000  ,31.256303 ,-8.618988 ,6.012415  ,5.948703  ,0.101666  ,0.018177  ,15.230000 
5.100000  ,31.256303 ,-8.618988 ,6.012415  ,5.948703  ,0.101666  ,-0.026467 ,15.230000 
5.120000  ,31.361841 ,-8.676131 ,5.990484  ,5.939319  ,0.098021  ,-0.020006 ,15.320000 
5.120000  ,31.361841 ,-8.676131 ,5.990484  ,5.939319  ,0.098021  ,-0.041297 ,15.320000 
5.140000  ,31.465834 ,-8.735251 ,5.972871  ,5.924647  ,0.095243  ,0.009481  ,15.400000 
5.140000  ,31.465834 ,-8.735251 ,5.972871  ,5.924647  ,0.095243  ,0.008784  ,15.400000 
5.160000  ,31.568442 ,-8.796074 ,5.956271  ,5.920156  ,0.087541  ,0.049174  ,15.400000 
5.160000  ,31.568442 ,-8.796074 ,5.956271  ,5.920156  ,0.087541  ,-0.018276 ,15.400000 
5.180000  ,31.669497 ,-8.858898 ,5.943840  ,5.904884  ,0.083065  ,-0.033995 ,15.490000 
5.180000  ,31.669497 ,-8.858898 ,5.943840  ,5.904884  ,0.083065  ,-0.041953 ,15.490000 
5.200000  ,31.768871 ,-8.923879 ,5.930430  ,5.906974  ,0.079738  ,-0.014316 ,15.580000 
5.200000  ,31.768871 ,-8.923879 ,5.930430  ,5.906974  ,0.079738  ,0.016108  ,15.580000 
5.220000  ,31.866781 ,-8.990670 ,5.922356  ,5.902253  ,0.069951  ,0.008719  ,15.580000 
5.220000  ,31.866781 ,-8.990670 ,5.922356  ,5.902253  ,0.069951  ,-0.046894 ,15.580000 
5.240000  ,31.963086 ,-9.059496 ,5.915436  ,5.904186  ,0.065078  ,0.042811  ,15.660000 
5.240000  ,31.963086 ,-9.059496 ,5.915436  ,5.904186  ,0.065078  ,-0.008154 ,15.660000 
5.260000  ,32.057604 ,-9.130581 ,5.911563  ,5.899921  ,0.055897  ,-0.028457 ,15.660000 
5.260000  ,32.057604 ,-9.130581 ,5.911563  ,5.899921  ,0.055897  ,-0.040660 ,15.660000 
5.280000  ,32.150462 ,-9.203693 ,5.907556  ,5.888712  ,0.050065  ,0.017367  ,15.750000 
5.280000  ,32.150462 ,-9.203693 ,5.907556  ,5.888712  ,0.050065  ,-0.028423 ,15.750000 
5.300000  ,32.241558 ,-9.278823 ,5.901069  ,5.902353  ,0.045351  ,-0.044012 ,15.830000 
5.300000  ,32.241558 ,-9.278823 ,5.901069  ,5.902353  ,0.045351  ,-0.010214 ,15.830000 
5.320000  ,32.330681 ,-9.356191 ,5.901188  ,5.886294  ,0.034810  ,-0.028952 ,15.830000 
5.320000  ,32.330681 ,-9.356191 ,5.901188  ,5.886294  ,0.034810  ,0.002899  ,15.830000 
5.340000  ,32.417860 ,-9.435663 ,5.896062  ,5.889908  ,0.029616  ,-0.009304 ,15.920000 
5.340000  ,32.417860 ,-9.435663 ,5.896062  ,5.889908  ,0.029616  ,-0.020442 ,15.920000 
5.360000  ,32.502814 ,-9.517408 ,5.893943  ,5.885359  ,0.020365  ,-0.031859 ,15.920000 
5.360000  ,32.502814 ,-9.517408 ,5.893943  ,5.885359  ,0.020365  ,-0.024701 ,15.920000 
5.380000  ,32.585594 ,-9.601282 ,5.890988  ,5.887876  ,0.015162  ,-0.009001 ,16.010000 
5.380000  ,32.585594 ,-9.601282 ,5.890988  ,5.887876  ,0.015162  ,0.011158  ,16.010000 
5.400000  ,32.666103 ,-9.687284 ,5.889917  ,5.891008  ,0.007350  ,0.036121  ,16.010000 
5.400000  ,32.666103 ,-9.687284 ,5.889917  ,5.891008  ,0.007350  ,-0.024427 ,16.010000 
5.420000  ,32.744261 ,-9.775414 ,5.890018  ,5.886598  ,0.002302  ,0.014327  ,16.090000 
5.420000  ,32.744261 ,-9.775414 ,5.890018  ,5.886598  ,0.002302  ,0.008064  ,16.090000 
5.440000  ,32.820110 ,-9.865527 ,5.888841  ,5.897139  ,0.001134  ,0.046072  ,16.180000 
5.440000  ,32.820110 ,-9.865527 ,5.888841  ,5.897139  ,0.001134  ,-0.109765 ,16.180000 
5.460000  ,32.893716 ,-9.957476 ,5.889611  ,5.886102  ,0.009153  ,-0.041999 ,16.180000 
5.460000  ,32.893716 ,-9.957476 ,5.889611  ,5.886102  ,0.009153  ,0.023516  ,16.180000 
5.480000  ,32.965066 ,-10.051181,5.888403  ,5.897726  ,0.012870  ,-0.041397 ,16.270000 
5.480000  ,32.965066 ,-10.051181,5.888403  ,5.897726  ,0.012870  ,-0.037542 ,16.270000 
5.500000  ,33.034031 ,-10.146650,5.889269  ,5.895066  ,0.019677  ,-0.037156 ,16.270000 
5.500000  ,33.034031 ,-10.146650,5.889269  ,5.895066  ,0.019677  ,0.066459  ,16.270000 
5.520000  ,33.100175 ,-10.244111,5.889807  ,5.890103  ,0.022932  ,-0.045757 ,16.350000 
5.520000  ,33.100175 ,-10.244111,5.889807  ,5.890103  ,0.022932  ,-0.037753 ,16.350000 
5.540000  ,33.163309 ,-10.343554,5.889834  ,5.910498  ,0.023945  ,0.100405  ,16.440000 
5.540000  ,33.163309 ,-10.343554,5.889834  ,5.910498  ,0.023945  ,0.026868  ,16.440000 
5.560000  ,33.223448 ,-10.444860,5.891753  ,5.891831  ,0.029341  ,-0.029692 ,16.440000 
5.560000  ,33.223448 ,-10.444860,5.891753  ,5.891831  ,0.029341  ,-0.011491 ,16.440000 
5.580000  ,33.280572 ,-10.547919,5.891760  ,5.907123  ,0.029268  ,0.039077  ,16.520000 
5.580000  ,33.280572 ,-10.547919,5.891760  ,5.907123  ,0.029268  ,-0.030512 ,16.520000 
5.600000  ,33.334741 ,-10.652576,5.893186  ,5.905373  ,0.032394  ,-0.088718 ,16.520000 
5.600000  ,33.334741 ,-10.652576,5.893186  ,5.905373  ,0.032394  ,-0.022376 ,16.520000 
5.620000  ,33.386001 ,-10.758718,5.894318  ,5.901176  ,0.031603  ,-0.042834 ,16.610000 
5.620000  ,33.386001 ,-10.758718,5.894318  ,5.901176  ,0.031603  ,-0.054083 ,16.610000 
5.640000  ,33.434259 ,-10.866277,5.894954  ,5.933841  ,0.028811  ,0.053792  ,16.700000 
5.640000  ,33.434259 ,-10.866277,5.894954  ,5.933841  ,0.028811  ,-0.008336 ,16.700000 
5.660000  ,33.479169 ,-10.975322,5.898565  ,5.905119  ,0.030901  ,-0.001203 ,16.700000 
5.660000  ,33.479169 ,-10.975322,5.898565  ,5.905119  ,0.030901  ,-0.046892 ,16.700000 
5.680000  ,33.521085 ,-11.085599,5.899173  ,5.928679  ,0.027183  ,-0.027877 ,16.780000 
5.680000  ,33.521085 ,-11.085599,5.899173  ,5.928679  ,0.027183  ,0.017340  ,16.780000 
5.700000  ,33.560182 ,-11.196942,5.901912  ,5.923159  ,0.027672  ,-0.053151 ,16.780000 
5.700000  ,33.560182 ,-11.196942,5.901912  ,5.923159  ,0.027672  ,0.013121  ,16.780000 
5.720000  ,33.596720 ,-11.309202,5.903885  ,5.920398  ,0.024261  ,0.005181  ,16.870000 
5.720000  ,33.596720 ,-11.309202,5.903885  ,5.920398  ,0.024261  ,0.029587  ,16.870000 
5.740000  ,33.630390 ,-11.422389,5.905418  ,5.925890  ,0.023679  ,0.006702  ,16.870000 
5.740000  ,33.630390 ,-11.422389,5.905418  ,5.925890  ,0.023679  ,-0.042473 ,16.870000 
5.760000  ,33.660912 ,-11.536502,5.907319  ,5.925645  ,0.020015  ,0.073344  ,16.950000 
5.760000  ,33.660912 ,-11.536502,5.907319  ,5.925645  ,0.020015  ,0.022183  ,16.950000 
5.780000  ,33.688733 ,-11.651341,5.909020  ,5.959871  ,0.015013  ,0.084146  ,17.040000 
5.780000  ,33.688733 ,-11.651341,5.909020  ,5.959871  ,0.015013  ,0.008457  ,17.040000 
5.800000  ,33.714452 ,-11.766737,5.913741  ,5.952171  ,0.015207  ,-0.012097 ,17.040000 
5.800000  ,33.714452 ,-11.766737,5.913741  ,5.952171  ,0.015207  ,0.038195  ,17.040000 
5.820000  ,33.738522 ,-11.882573,5.917309  ,5.957418  ,0.012181  ,-0.012226 ,17.130000 
5.820000  ,33.738522 ,-11.882573,5.917309  ,5.957418  ,0.012181  ,-0.031935 ,17.130000 
5.840000  ,33.760703 ,-11.998858,5.921032  ,5.956191  ,0.013081  ,-0.022695 ,17.130000 
5.840000  ,33.760703 ,-11.998858,5.921032  ,5.956191  ,0.013081  ,-0.014697 ,17.130000 
5.860000  ,33.780645 ,-12.115619,5.924297  ,5.954286  ,0.011524  ,-0.015114 ,17.210000 
5.860000  ,33.780645 ,-12.115619,5.924297  ,5.954286  ,0.011524  ,0.043399  ,17.210000 
5.880000  ,33.798312 ,-12.232807,5.927081  ,5.990415  ,0.008997  ,0.016987  ,17.300000 
5.880000  ,33.798312 ,-12.232807,5.927081  ,5.990415  ,0.008997  ,-0.033036 ,17.300000 
5.900000  ,33.813531 ,-12.350426,5.932961  ,5.980272  ,0.011367  ,-0.047613 ,17.300000 
5.900000  ,33.813531 ,-12.350426,5.932961  ,5.980272  ,0.011367  ,0.007327  ,17.300000 
5.920000  ,33.826485 ,-12.468418,5.937353  ,5.998227  ,0.009655  ,-0.002111 ,17.380000 
5.920000  ,33.826485 ,-12.468418,5.937353  ,5.998227  ,0.009655  ,-0.025370 ,17.380000 
5.940000  ,33.837060 ,-12.586749,5.943004  ,5.995734  ,0.011618  ,-0.007390 ,17.380000 
5.940000  ,33.837060 ,-12.586749,5.943004  ,5.995734  ,0.011618  ,0.005123  ,17.380000 
5.960000  ,33.844887 ,-12.705398,5.947900  ,5.992781  ,0.010374  ,0.025350  ,17.470000 
5.960000  ,33.844887 ,-12.705398,5.947900  ,5.992781  ,0.010374  ,-0.006045 ,17.470000 
5.980000  ,33.849838 ,-12.824292,5.952067  ,6.031599  ,0.007549  ,0.017103  ,17.560000 
5.980000  ,33.849838 ,-12.824292,5.952067  ,6.031599  ,0.007549  ,-0.007732 ,17.560000 
6.000000  ,33.852197 ,-12.943383,5.959450  ,6.017360  ,0.010065  ,-0.015451 ,17.560000 
6.000000  ,33.852197 ,-12.943383,5.959450  ,6.017360  ,0.010065  ,-0.013331 ,17.560000 
6.020000  ,33.852242 ,-13.062624,5.964827  ,6.039682  ,0.008166  ,0.036495  ,17.640000 
6.020000  ,33.852242 ,-13.062624,5.964827  ,6.039682  ,0.008166  ,-0.040373 ,17.640000 
6.040000  ,33.849560 ,-13.181958,5.971776  ,6.036142  ,0.010176  ,0.048106  ,17.640000 
6.040000  ,33.849560 ,-13.181958,5.971776  ,6.036142  ,0.010176  ,-0.044667 ,17.640000 
6.060000  ,33.844196 ,-13.301331,5.977752  ,6.048142  ,0.008882  ,0.036995  ,17.730000 
6.060000  ,33.844196 ,-13.301331,5.977752  ,6.048142  ,0.008882  ,-0.006592 ,17.730000 
6.080000  ,33.836588 ,-13.420709,5.984287  ,6.089398  ,0.006920  ,-0.029168 ,17.810000 
6.080000  ,33.836588 ,-13.420709,5.984287  ,6.089398  ,0.006920  ,-0.018352 ,17.810000 
6.100000  ,33.826819 ,-13.540093,5.994045  ,6.072301  ,0.010715  ,0.005564  ,17.810000 
6.100000  ,33.826819 ,-13.540093,5.994045  ,6.072301  ,0.010715  ,0.059326  ,17.810000 
6.120000  ,33.814976 ,-13.659459,6.001310  ,6.097912  ,0.010401  ,-0.025021 ,17.900000 
6.120000  ,33.814976 ,-13.659459,6.001310  ,6.097912  ,0.010401  ,0.014170  ,17.900000 
6.140000  ,33.800790 ,-13.778733,6.010279  ,6.093742  ,0.014024  ,0.017592  ,17.900000 
6.140000  ,33.800790 ,-13.778733,6.010279  ,6.093742  ,0.014024  ,-0.014796 ,17.900000 
6.160000  ,33.784171 ,-13.897862,6.018027  ,6.102230  ,0.014604  ,0.005389  ,17.990000 
6.160000  ,33.784171 ,-13.897862,6.018027  ,6.102230  ,0.014604  ,0.037945  ,17.990000 
6.180000  ,33.764928 ,-14.016752,6.025845  ,6.145633  ,0.014010  ,0.022766  ,18.070000 
6.180000  ,33.764928 ,-14.016752,6.025845  ,6.145633  ,0.014010  ,-0.004311 ,18.070000 
6.200000  ,33.743238 ,-14.135413,6.036966  ,6.112852  ,0.018291  ,0.062303  ,18.070000 
6.200000  ,33.743238 ,-14.135413,6.036966  ,6.112852  ,0.018291  ,-0.054915 ,18.070000 
6.220000  ,33.719039 ,-14.253773,6.044011  ,6.153810  ,0.018171  ,-0.063364 ,18.160000 
6.220000  ,33.719039 ,-14.253773,6.044011  ,6.153810  ,0.018171  ,0.052022  ,18.160000 
6.240000  ,33.692422 ,-14.371790,6.054205  ,6.149916  ,0.021492  ,-0.011222 ,18.160000 
6.240000  ,33.692422 ,-14.371790,6.054205  ,6.149916  ,0.021492  ,0.009229  ,18.160000 
6.260000  ,33.663688 ,-14.489506,6.063090  ,6.164004  ,0.022169  ,-0.073110 ,18.240000 
6.260000  ,33.663688 ,-14.489506,6.063090  ,6.164004  ,0.022169  ,0.035629  ,18.240000 
6.280000  ,33.632463 ,-14.606775,6.072459  ,6.207740  ,0.021727  ,-0.005078 ,18.330000 
6.280000  ,33.632463 ,-14.606775,6.072459  ,6.207740  ,0.021727  ,-0.026639 ,18.330000 
6.300000  ,33.598593 ,-14.723535,6.085018  ,6.177330  ,0.025582  ,0.004537  ,18.330000 
6.300000  ,33.598593 ,-14.723535,6.085018  ,6.177330  ,0.025582  ,-0.035810 ,18.330000 
6.320000  ,33.561878 ,-14.839653,6.093588  ,6.209874  ,0.024853  ,-0.009987 ,18.420000 
6.320000  ,33.561878 ,-14.839653,6.093588  ,6.209874  ,0.024853  ,0.039749  ,18.420000 
6.340000  ,33.522659 ,-14.955155,6.104384  ,6.213062  ,0.027144  ,0.056771  ,18.420000 
6.340000  ,33.522659 ,-14.955155,6.104384  ,6.213062  ,0.027144  ,-0.050698 ,18.420000 
6.360000  ,33.480899 ,-15.069985,6.114474  ,6.231206  ,0.026522  ,-0.022388 ,18.500000 
6.360000  ,33.480899 ,-15.069985,6.114474  ,6.231206  ,0.026522  ,-0.020418 ,18.500000 
6.380000  ,33.436613 ,-15.184089,6.125311  ,6.276007  ,0.024696  ,0.047611  ,18.590000 
6.380000  ,33.436613 ,-15.184089,6.125311  ,6.276007  ,0.024696  ,0.038463  ,18.590000 
6.400000  ,33.390136 ,-15.297588,6.139302  ,6.250995  ,0.027294  ,-0.044012 ,18.590000 
6.400000  ,33.390136 ,-15.297588,6.139302  ,6.250995  ,0.027294  ,-0.032914 ,18.590000 
6.420000  ,33.341328 ,-15.410369,6.149671  ,6.279765  ,0.026114  ,-0.000330 ,18.670000 
6.420000  ,33.341328 ,-15.410369,6.149671  ,6.279765  ,0.026114  ,0.036299  ,18.670000 
6.440000  ,33.290467 ,-15.522486,6.161749  ,6.293377  ,0.028047  ,-0.022812 ,18.670000 
6.440000  ,33.290467 ,-15.522486,6.161749  ,6.293377  ,0.028047  ,-0.007142 ,18.670000 
6.460000  ,33.237433 ,-15.633860,6.173969  ,6.311075  ,0.027786  ,0.039992  ,18.760000 
6.460000  ,33.237433 ,-15.633860,6.173969  ,6.311075  ,0.027786  ,0.025008  ,18.760000 
6.480000  ,33.182164 ,-15.744422,6.186698  ,6.342502  ,0.026638  ,-0.078630 ,18.850000 
6.480000  ,33.182164 ,-15.744422,6.186698  ,6.342502  ,0.026638  ,-0.018172 ,18.850000 
6.500000  ,33.124722 ,-15.854178,6.201163  ,6.334349  ,0.029417  ,0.002047  ,18.850000 
6.500000  ,33.124722 ,-15.854178,6.201163  ,6.334349  ,0.029417  ,0.021634  ,18.850000 
6.520000  ,33.065110 ,-15.963075,6.213528  ,6.355220  ,0.029034  ,0.010151  ,18.930000 
6.520000  ,33.065110 ,-15.963075,6.213528  ,6.355220  ,0.029034  ,-0.042243 ,18.930000 
6.540000  ,33.003016 ,-16.070872,6.226682  ,6.373468  ,0.030664  ,0.034960  ,18.930000 
6.540000  ,33.003016 ,-16.070872,6.226682  ,6.373468  ,0.030664  ,-0.021162 ,18.930000 
6.560000  ,32.938734 ,-16.177691,6.240310  ,6.385559  ,0.030558  ,0.033128  ,19.020000 
6.560000  ,32.938734 ,-16.177691,6.240310  ,6.385559  ,0.030558  ,-0.011958 ,19.020000 
6.580000  ,32.872352 ,-16.283538,6.253794  ,6.429479  ,0.029676  ,-0.006051 ,19.100000 
6.580000  ,32.872352 ,-16.283538,6.253794  ,6.429479  ,0.029676  ,0.009936  ,19.100000 
6.600000  ,32.803854 ,-16.388386,6.270105  ,6.426725  ,0.031971  ,-0.036088 ,19.100000 
6.600000  ,32.803854 ,-16.388386,6.270105  ,6.426725  ,0.031971  ,0.012298  ,19.100000 
6.620000  ,32.733437 ,-16.492326,6.284645  ,6.441479  ,0.032015  ,-0.017636 ,19.190000 
6.620000  ,32.733437 ,-16.492326,6.284645  ,6.441479  ,0.032015  ,-0.050557 ,19.190000 
6.640000  ,32.660826 ,-16.595102,6.299206  ,6.493596  ,0.031145  ,0.002310  ,19.280000 
6.640000  ,32.660826 ,-16.595102,6.299206  ,6.493596  ,0.031145  ,-0.062948 ,19.280000 
6.660000  ,32.585745 ,-16.696494,6.317253  ,6.483419  ,0.033599  ,0.004918  ,19.280000 
6.660000  ,32.585745 ,-16.696494,6.317253  ,6.483419  ,0.033599  ,0.028794  ,19.280000 
6.680000  ,32.508389 ,-16.796584,6.332679  ,6.514849  ,0.032616  ,-0.024465 ,19.360000 
6.680000  ,32.508389 ,-16.796584,6.332679  ,6.514849  ,0.032616  ,0.026209  ,19.360000 
6.700000  ,32.428875 ,-16.895385,6.349592  ,6.520841  ,0.033687  ,0.001287  ,19.360000 
6.700000  ,32.428875 ,-16.895385,6.349592  ,6.520841  ,0.033687  ,0.057138  ,19.360000 
6.720000  ,32.347175 ,-16.992813,6.365490  ,6.544184  ,0.032903  ,0.004539  ,19.450000 
6.720000  ,32.347175 ,-16.992813,6.365490  ,6.544184  ,0.032903  ,0.091379  ,19.450000 
6.740000  ,32.263296 ,-17.088805,6.382080  ,6.576945  ,0.031101  ,0.025471  ,19.540000 
6.740000  ,32.263296 ,-17.088805,6.382080  ,6.576945  ,0.031101  ,-0.045075 ,19.540000 
6.760000  ,32.177343 ,-17.183413,6.400171  ,6.584879  ,0.031836  ,0.012898  ,19.540000 
6.760000  ,32.177343 ,-17.183413,6.400171  ,6.584879  ,0.031836  ,0.018373  ,19.540000 
6.780000  ,32.089361 ,-17.276623,6.417319  ,6.609958  ,0.030300  ,0.006714  ,19.620000 
6.780000  ,32.089361 ,-17.276623,6.417319  ,6.609958  ,0.030300  ,-0.003603 ,19.620000 
6.800000  ,31.999579 ,-17.368591,6.435204  ,6.659996  ,0.028200  ,-0.024383 ,19.710000 
6.800000  ,31.999579 ,-17.368591,6.435204  ,6.659996  ,0.028200  ,-0.045741 ,19.710000 
6.820000  ,31.908055 ,-17.459377,6.456073  ,6.654484  ,0.029349  ,-0.001403 ,19.710000 
6.820000  ,31.908055 ,-17.459377,6.456073  ,6.654484  ,0.029349  ,0.008858  ,19.710000 
6.840000  ,31.814865 ,-17.549020,6.474493  ,6.685003  ,0.028286  ,0.030243  ,19.790000 
6.840000  ,31.814865 ,-17.549020,6.474493  ,6.685003  ,0.028286  ,0.034410  ,19.790000 
6.860000  ,31.719951 ,-17.637393,6.494037  ,6.740990  ,0.026724  ,-0.033085 ,19.880000 
6.860000  ,31.719951 ,-17.637393,6.494037  ,6.740990  ,0.026724  ,0.061651  ,19.880000 
6.880000  ,31.623370 ,-17.724578,6.516964  ,6.730179  ,0.028657  ,0.096302  ,19.880000 
6.880000  ,31.623370 ,-17.724578,6.516964  ,6.730179  ,0.028657  ,-0.054700 ,19.880000 
6.900000  ,31.525332 ,-17.810768,6.536758  ,6.759949  ,0.028375  ,-0.011288 ,19.970000 
6.900000  ,31.525332 ,-17.810768,6.536758  ,6.759949  ,0.028375  ,0.030418  ,19.970000 
6.920000  ,31.425768 ,-17.895818,6.557479  ,6.827731  ,0.027850  ,0.090789  ,20.050000 
6.920000  ,31.425768 ,-17.895818,6.557479  ,6.827731  ,0.027850  ,0.003956  ,20.050000 
6.940000  ,31.324813 ,-17.979930,6.582569  ,6.812690  ,0.031251  ,0.011378  ,20.050000 
6.940000  ,31.324813 ,-17.979930,6.582569  ,6.812690  ,0.031251  ,-0.021409 ,20.050000 
6.960000  ,31.222373 ,-18.062965,6.603933  ,6.858691  ,0.032226  ,-0.021221 ,20.140000 
6.960000  ,31.222373 ,-18.062965,6.603933  ,6.858691  ,0.032226  ,-0.015305 ,20.140000 
6.980000  ,31.118617 ,-18.145077,6.627585  ,6.920249  ,0.033280  ,0.057618  ,20.220000 
6.980000  ,31.118617 ,-18.145077,6.627585  ,6.920249  ,0.033280  ,-0.009173 ,20.220000 
7.000000  ,31.013297 ,-18.226011,6.654755  ,6.902113  ,0.037906  ,0.008317  ,20.220000 
7.000000  ,31.013297 ,-18.226011,6.654755  ,6.902113  ,0.037906  ,-0.028783 ,20.220000 
7.020000  ,30.906442 ,-18.305749,6.677720  ,6.952837  ,0.039961  ,0.014746  ,20.310000 
7.020000  ,30.906442 ,-18.305749,6.677720  ,6.952837  ,0.039961  ,0.005061  ,20.310000 
7.040000  ,30.798272 ,-18.384520,6.703261  ,7.018135  ,0.042077  ,0.014196  ,20.400000 
7.040000  ,30.798272 ,-18.384520,6.703261  ,7.018135  ,0.042077  ,0.036260  ,20.400000 
7.060000  ,30.688602 ,-18.462141,6.732494  ,7.000898  ,0.047658  ,-0.008625 ,20.400000 
7.060000  ,30.688602 ,-18.462141,6.732494  ,7.000898  ,0.047658  ,0.051428  ,20.400000 
7.080000  ,30.577432 ,-18.538559,6.757412  ,7.052402  ,0.050765  ,-0.029164 ,20.480000 
7.080000  ,30.577432 ,-18.538559,6.757412  ,7.052402  ,0.050765  ,-0.005656 ,20.480000 
7.100000  ,30.464700 ,-18.613600,6.784799  ,7.123785  ,0.053463  ,-0.030537 ,20.570000 
7.100000  ,30.464700 ,-18.613600,6.784799  ,7.123785  ,0.053463  ,0.006298  ,20.570000 
7.120000  ,30.350271 ,-18.687121,6.816270  ,7.104758  ,0.058948  ,0.032919  ,20.570000 
7.120000  ,30.350271 ,-18.687121,6.816270  ,7.104758  ,0.058948  ,0.010013  ,20.570000 
7.140000  ,30.234134 ,-18.759026,6.843053  ,7.155016  ,0.061675  ,0.018576  ,20.650000 
7.140000  ,30.234134 ,-18.759026,6.843053  ,7.155016  ,0.061675  ,0.041361  ,20.650000 
7.160000  ,30.116370 ,-18.829331,6.872015  ,7.236736  ,0.063776  ,0.014175  ,20.740000 
7.160000  ,30.116370 ,-18.829331,6.872015  ,7.236736  ,0.063776  ,0.018599  ,20.740000 
7.180000  ,29.997091 ,-18.898297,6.905876  ,7.214402  ,0.068560  ,0.010277  ,20.740000 
7.180000  ,29.997091 ,-18.898297,6.905876  ,7.214402  ,0.068560  ,0.023645  ,20.740000 
7.200000  ,29.876316 ,-18.965896,6.934519  ,7.273045  ,0.071171  ,0.067568  ,20.830000 
7.200000  ,29.876316 ,-18.965896,6.934519  ,7.273045  ,0.071171  ,0.027053  ,20.830000 
7.220000  ,29.754103 ,-19.032131,6.965947  ,7.350790  ,0.073458  ,-0.071782 ,20.910000 
7.220000  ,29.754103 ,-19.032131,6.965947  ,7.350790  ,0.073458  ,0.088675  ,20.910000 
7.240000  ,29.630516 ,-19.097221,7.001676  ,7.342388  ,0.078231  ,-0.017648 ,20.910000 
7.240000  ,29.630516 ,-19.097221,7.001676  ,7.342388  ,0.078231  ,0.002800  ,20.910000 
7.260000  ,29.505610 ,-19.161232,7.033307  ,7.390730  ,0.081509  ,-0.003519 ,21.000000 
7.260000  ,29.505610 ,-19.161232,7.033307  ,7.390730  ,0.081509  ,0.020541  ,21.000000 
7.280000  ,29.379247 ,-19.223790,7.066490  ,7.465990  ,0.084375  ,-0.008692 ,21.080000 
7.280000  ,29.379247 ,-19.223790,7.066490  ,7.465990  ,0.084375  ,-0.048071 ,21.080000 
7.300000  ,29.251425 ,-19.284961,7.103579  ,7.480431  ,0.088972  ,-0.040432 ,21.080000 
7.300000  ,29.251425 ,-19.284961,7.103579  ,7.480431  ,0.088972  ,0.063876  ,21.080000 
7.320000  ,29.122213 ,-19.344869,7.138566  ,7.528889  ,0.092288  ,-0.016666 ,21.170000 
7.320000  ,29.122213 ,-19.344869,7.138566  ,7.528889  ,0.092288  ,-0.026151 ,21.170000 
7.340000  ,28.991550 ,-19.403311,7.174803  ,7.594703  ,0.095178  ,0.006196  ,21.260000 
7.340000  ,28.991550 ,-19.403311,7.174803  ,7.594703  ,0.095178  ,0.020413  ,21.260000 
7.360000  ,28.859256 ,-19.459898,7.213786  ,7.696107  ,0.097240  ,-0.014688 ,21.340000 
7.360000  ,28.859256 ,-19.459898,7.213786  ,7.696107  ,0.097240  ,0.044267  ,21.340000 
7.380000  ,28.725371 ,-19.514862,7.258564  ,7.677347  ,0.101105  ,0.046418  ,21.340000 
7.380000  ,28.725371 ,-19.514862,7.258564  ,7.677347  ,0.101105  ,0.034534  ,21.340000 
7.400000  ,28.589933 ,-19.568202,7.297444  ,7.725250  ,0.102858  ,0.001564  ,21.430000 
7.400000  ,28.589933 ,-19.568202,7.297444  ,7.725250  ,0.102858  ,0.066581  ,21.430000 
7.420000  ,28.452986 ,-19.619815,7.337161  ,7.836051  ,0.103945  ,0.034645  ,21.510000 
7.420000  ,28.452986 ,-19.619815,7.337161  ,7.836051  ,0.103945  ,0.019722  ,21.510000 
7.440000  ,28.314551 ,-19.669884,7.383477  ,7.843188  ,0.106278  ,0.061810  ,21.510000 
7.440000  ,28.314551 ,-19.669884,7.383477  ,7.843188  ,0.106278  ,-0.014826 ,21.510000 
7.460000  ,28.174683 ,-19.718575,7.426156  ,7.900725  ,0.107381  ,0.060805  ,21.600000 
7.460000  ,28.174683 ,-19.718575,7.426156  ,7.900725  ,0.107381  ,-0.024768 ,21.600000 
7.480000  ,28.033501 ,-19.766106,7.470215  ,7.963027  ,0.108429  ,0.010933  ,21.690000 
7.480000  ,28.033501 ,-19.766106,7.470215  ,7.963027  ,0.108429  ,-0.015775 ,21.690000 
7.500000  ,27.891113 ,-19.812858,7.515967  ,8.000000  ,0.109844  ,-0.000788 ,21.770000 
7.500000  ,27.891113 ,-19.812858,7.515967  ,8.000000  ,0.109844  ,-0.014302 ,21.770000 
7.520000  ,27.747588 ,-19.859048,7.560904  ,8.000000  ,0.113438  ,-0.033290 ,21.770000 
7.520000  ,27.747588 ,-19.859048,7.560904  ,8.000000  ,0.113438  ,0.036031  ,21.770000 
7.540000  ,27.602948 ,-19.904556,7.601669  ,8.000000  ,0.116485  ,-0.039124 ,21.860000 
7.540000  ,27.602948 ,-19.904556,7.601669  ,8.000000  ,0.116485  ,0.005276  ,21.860000 
7.560000  ,27.457288 ,-19.949402,7.638650  ,8.000000  ,0.119976  ,0.069180  ,21.940000 
7.560000  ,27.457288 ,-19.949402,7.638650  ,8.000000  ,0.119976  ,0.045557  ,21.940000 
7.580000  ,27.310611 ,-19.993324,7.672197  ,8.000000  ,0.123641  ,0.013861  ,22.030000 
7.580000  ,27.310611 ,-19.993324,7.672197  ,8.000000  ,0.123641  ,-0.005064 ,22.030000 
7.600000  ,27.162994 ,-20.036321,7.702630  ,8.000000  ,0.128699  ,-0.019164 ,22.030000 
7.600000  ,27.162994 ,-20.036321,7.702630  ,8.000000  ,0.128699  ,0.009433  ,22.030000 
7.620000  ,27.014576 ,-20.078634,7.730238  ,8.000000  ,0.133344  ,0.023959  ,22.120000 
7.620000  ,27.014576 ,-20.078634,7.730238  ,8.000000  ,0.133344  ,0.002248  ,22.120000 
7.640000  ,26.865282 ,-20.119772,7.755282  ,8.000000  ,0.137811  ,0.000737  ,22.200000 
7.640000  ,26.865282 ,-20.119772,7.755282  ,8.000000  ,0.137811  ,0.012938  ,22.200000 
7.660000  ,26.715135 ,-20.159582,7.778002  ,8.000000  ,0.141927  ,0.011457  ,22.290000 
7.660000  ,26.715135 ,-20.159582,7.778002  ,8.000000  ,0.141927  ,-0.011736 ,22.290000 
7.680000  ,26.564237 ,-20.198227,7.798612  ,8.000000  ,0.145843  ,0.030313  ,22.380000 
7.680000  ,26.564237 ,-20.198227,7.798612  ,8.000000  ,0.145843  ,0.008485  ,22.380000 
7.700000  ,26.412552 ,-20.235344,7.817308  ,8.000000  ,0.150353  ,0.052491  ,22.380000 
7.700000  ,26.412552 ,-20.235344,7.817308  ,8.000000  ,0.150353  ,0.038715  ,22.380000 
7.720000  ,26.260189 ,-20.271167,7.834269  ,8.000000  ,0.153576  ,0.046721  ,22.460000 
7.720000  ,26.260189 ,-20.271167,7.834269  ,8.000000  ,0.153576  ,-0.087593 ,22.460000 
7.740000  ,26.107215 ,-20.305777,7.849656  ,8.000000  ,0.156444  ,0.024429  ,22.550000 
7.740000  ,26.107215 ,-20.305777,7.849656  ,8.000000  ,0.156444  ,0.046309  ,22.550000 
7.760000  ,25.953672 ,-20.339178,7.863613  ,8.000000  ,0.158935  ,0.032847  ,22.630000 
7.760000  ,25.953672 ,-20.339178,7.863613  ,8.000000  ,0.158935  ,0.026575  ,22.630000 
7.780000  ,25.799613 ,-20.371437,7.876275  ,8.000000  ,0.161918  ,0.050196  ,22.630000 
7.780000  ,25.799613 ,-20.371437,7.876275  ,8.000000  ,0.161918  ,-0.006257 ,22.630000 
7.800000  ,25.645094 ,-20.402660,7.887762  ,8.000000  ,0.164078  ,-0.029155 ,22.720000 
7.800000  ,25.645094 ,-20.402660,7.887762  ,8.000000  ,0.164078  ,-0.046062 ,22.720000 
7.820000  ,25.490171 ,-20.432973,7.898182  ,8.000000  ,0.166070  ,-0.066791 ,22.810000 
7.820000  ,25.490171 ,-20.432973,7.898182  ,8.000000  ,0.166070  ,0.049263  ,22.810000 
7.840000  ,25.334862 ,-20.462328,7.907635  ,8.000000  ,0.167826  ,-0.009380 ,22.890000 
7.840000  ,25.334862 ,-20.462328,7.907635  ,8.000000  ,0.167826  ,0.025172  ,22.890000 
7.860000  ,25.179107 ,-20.490251,7.916210  ,8.000000  ,0.168843  ,-0.048193 ,22.980000 
7.860000  ,25.179107 ,-20.490251,7.916210  ,8.000000  ,0.168843  ,0.000491  ,22.980000 
7.880000  ,25.022868 ,-20.516340,7.923989  ,8.000000  ,0.169443  ,-0.037885 ,22.980000 
7.880000  ,25.022868 ,-20.516340,7.923989  ,8.000000  ,0.169443  ,-0.032453 ,22.980000 
7.900000  ,24.866195 ,-20.540667,7.931046  ,8.000000  ,0.168388  ,0.010838  ,23.060000 
7.900000  ,24.866195 ,-20.540667,7.931046  ,8.000000  ,0.168388  ,0.053897  ,23.060000 
7.920000  ,24.709111 ,-20.563149,7.937447  ,8.000000  ,0.166111  ,-0.003356 ,23.150000 
7.920000  ,24.709111 ,-20.563149,7.937447  ,8.000000  ,0.166111  ,-0.007659 ,23.150000 
7.940000  ,24.551637 ,-20.583684,7.943255  ,8.000000  ,0.162496  ,-0.034540 ,23.240000 
7.940000  ,24.551637 ,-20.583684,7.943255  ,8.000000  ,0.162496  ,0.006201  ,23.240000 
7.960000  ,24.393813 ,-20.602288,7.948523  ,8.000000  ,0.157549  ,-0.031525 ,23.320000 
7.960000  ,24.393813 ,-20.602288,7.948523  ,8.000000  ,0.157549  ,-0.015870 ,23.320000 
7.980000  ,24.235657 ,-20.618824,7.953302  ,8.000000  ,0.151803  ,-0.008181 ,23.320000 
7.980000  ,24.235657 ,-20.618824,7.953302  ,8.000000  ,0.151803  ,-0.010998 ,23.320000 
8.000000  ,24.077200 ,-20.633206,7.957637  ,8.000000  ,0.143972  ,0.023381  ,23.410000 
8.000000  ,24.077200 ,-20.633206,7.957637  ,8.000000  ,0.143972  ,-0.044094 ,23.410000 
8.020000  ,23.918489 ,-20.645568,7.961570  ,8.000000  ,0.134678  ,-0.017714 ,23.490000 
8.020000  ,23.918489 ,-20.645568,7.961570  ,8.000000  ,0.134678  ,-0.013318 ,23.490000 
8.040000  ,23.759572 ,-20.656119,7.965138  ,8.000000  ,0.124125  ,-0.029613 ,23.580000 
8.040000  ,23.759572 ,-20.656119,7.965138  ,8.000000  ,0.124125  ,-0.035024 ,23.580000 
8.060000  ,23.600498 ,-20.665223,7.968375  ,8.000000  ,0.113147  ,-0.036574 ,23.580000 
8.060000  ,23.600498 ,-20.665223,7.968375  ,8.000000  ,0.113147  ,-0.019379 ,23.580000 
8.080000  ,23.441294 ,-20.673064,7.971311  ,8.000000  ,0.101136  ,-0.033213 ,23.670000 
8.080000  ,23.441294 ,-20.673064,7.971311  ,8.000000  ,0.101136  ,-0.018169 ,23.670000 
8.100000  ,23.281976 ,-20.679633,7.973974  ,8.000000  ,0.088375  ,0.032306  ,23.750000 
8.100000  ,23.281976 ,-20.679633,7.973974  ,8.000000  ,0.088375  ,0.008932  ,23.750000 
8.120000  ,23.122568 ,-20.685156,7.976390  ,8.000000  ,0.075088  ,0.041113  ,23.840000 
8.120000  ,23.122568 ,-20.685156,7.976390  ,8.000000  ,0.075088  ,0.020357  ,23.840000 
8.140000  ,22.963088 ,-20.689880,7.978582  ,8.000000  ,0.061514  ,-0.035858 ,23.920000 
8.140000  ,22.963088 ,-20.689880,7.978582  ,8.000000  ,0.061514  ,0.010121  ,23.920000 
8.160000  ,22.803561 ,-20.694410,7.980571  ,8.000000  ,0.048738  ,0.002487  ,23.920000 
8.160000  ,22.803561 ,-20.694410,7.980571  ,8.000000  ,0.048738  ,0.005475  ,23.920000 
8.180000  ,22.643996 ,-20.698944,7.982374  ,8.000000  ,0.036159  ,0.022891  ,24.010000 
8.180000  ,22.643996 ,-20.698944,7.982374  ,8.000000  ,0.036159  ,0.032661  ,24.010000 
8.200000  ,22.484392 ,-20.703337,7.984011  ,8.000000  ,0.023942  ,-0.054272 ,24.100000 
8.200000  ,22.484392 ,-20.703337,7.984011  ,8.000000  ,0.023942  ,0.025877  ,24.100000 
8.220000  ,22.324766 ,-20.708034,7.985495  ,8.000000  ,0.012531  ,-0.052611 ,24.180000 
8.220000  ,22.324766 ,-20.708034,7.985495  ,8.000000  ,0.012531  ,0.007398  ,24.180000 
8.240000  ,22.165126 ,-20.713207,7.986842  ,8.000000  ,0.002099  ,-0.030776 ,24.270000 
8.240000  ,22.165126 ,-20.713207,7.986842  ,8.000000  ,0.002099  ,-0.045923 ,24.270000 
8.260000  ,22.005468 ,-20.718595,7.988063  ,8.000000  ,0.007104  ,-0.004339 ,24.270000 
8.260000  ,22.005468 ,-20.718595,7.988063  ,8.000000  ,0.007104  ,0.036781  ,24.270000 
8.280000  ,21.845791 ,-20.724119,7.989172  ,8.000000  ,0.015986  ,-0.056355 ,24.350000 
8.280000  ,21.845791 ,-20.724119,7.989172  ,8.000000  ,0.015986  ,0.009775  ,24.350000 
8.300000  ,21.686103 ,-20.729933,7.990177  ,8.000000  ,0.024058  ,-0.002318 ,24.440000 
8.300000  ,21.686103 ,-20.729933,7.990177  ,8.000000  ,0.024058  ,-0.030017 ,24.440000 
8.320000  ,21.526403 ,-20.735939,7.991089  ,8.000000  ,0.031413  ,0.022447  ,24.530000 
8.320000  ,21.526403 ,-20.735939,7.991089  ,8.000000  ,0.031413  ,-0.012415 ,24.530000 
8.340000  ,21.366675 ,-20.741656,7.991916  ,8.000000  ,0.038522  ,-0.053202 ,24.610000 
8.340000  ,21.366675 ,-20.741656,7.991916  ,8.000000  ,0.038522  ,-0.041426 ,24.610000 
8.360000  ,21.206931 ,-20.747353,7.992667  ,8.000000  ,0.044539  ,-0.037969 ,24.610000 
8.360000  ,21.206931 ,-20.747353,7.992667  ,8.000000  ,0.044539  ,-0.018183 ,24.610000 
8.380000  ,21.047180 ,-20.753272,7.993348  ,8.000000  ,0.050131  ,-0.050290 ,24.700000 
8.380000  ,21.047180 ,-20.753272,7.993348  ,8.000000  ,0.050131  ,0.030759  ,24.700000 
8.400000  ,20.887407 ,-20.758923,7.993965  ,8.000000  ,0.055409  ,0.029466  ,24.780000 
8.400000  ,20.887407 ,-20.758923,7.993965  ,8.000000  ,0.055409  ,-0.044312 ,24.780000 
8.420000  ,20.727606 ,-20.764081,7.994525  ,8.000000  ,0.060583  ,-0.024127 ,24.870000 
8.420000  ,20.727606 ,-20.764081,7.994525  ,8.000000  ,0.060583  ,0.007632  ,24.870000 
8.440000  ,20.567781 ,-20.768860,7.995034  ,8.000000  ,0.065519  ,0.043105  ,24.960000 
8.440000  ,20.567781 ,-20.768860,7.995034  ,8.000000  ,0.065519  ,-0.010354 ,24.960000 
8.460000  ,20.407945 ,-20.773574,7.995495  ,8.000000  ,0.069209  ,0.001307  ,24.960000 
8.460000  ,20.407945 ,-20.773574,7.995495  ,8.000000  ,0.069209  ,0.027912  ,24.960000 
8.480000  ,20.248093 ,-20.777998,7.995913  ,8.000000  ,0.072946  ,0.000047  ,25.040000 
8.480000  ,20.248093 ,-20.777998,7.995913  ,8.000000  ,0.072946  ,0.002575  ,25.040000 
8.500000  ,20.088231 ,-20.782403,7.996292  ,8.000000  ,0.076017  ,0.008122  ,25.130000 
8.500000  ,20.088231 ,-20.782403,7.996292  ,8.000000  ,0.076017  ,0.002304  ,25.130000 
8.520000  ,19.928364 ,-20.786860,7.996637  ,8.000000  ,0.078343  ,0.039309  ,25.220000 
8.520000  ,19.928364 ,-20.786860,7.996637  ,8.000000  ,0.078343  ,0.010533  ,25.220000 
8.540000  ,19.768488 ,-20.791248,7.996949  ,8.000000  ,0.080045  ,0.010163  ,25.300000 
8.540000  ,19.768488 ,-20.791248,7.996949  ,8.000000  ,0.080045  ,-0.022762 ,25.300000 
8.560000  ,19.608614 ,-20.795913,7.997232  ,8.000000  ,0.080184  ,0.058862  ,25.300000 
8.560000  ,19.608614 ,-20.795913,7.997232  ,8.000000  ,0.080184  ,-0.011915 ,25.300000 
8.580000  ,19.448747 ,-20.800962,7.997489  ,8.000000  ,0.079707  ,0.013250  ,25.390000 
8.580000  ,19.448747 ,-20.800962,7.997489  ,8.000000  ,0.079707  ,-0.029329 ,25.390000 
8.600000  ,19.288883 ,-20.806282,7.997722  ,8.000000  ,0.078330  ,-0.019425 ,25.470000 
8.600000  ,19.288883 ,-20.806282,7.997722  ,8.000000  ,0.078330  ,0.047512  ,25.470000 
8.620000  ,19.129036 ,-20.812185,7.997934  ,8.000000  ,0.075752  ,0.021473  ,25.560000 
8.620000  ,19.129036 ,-20.812185,7.997934  ,8.000000  ,0.075752  ,0.015923  ,25.560000 
8.640000  ,18.969194 ,-20.818356,7.998126  ,8.000000  ,0.072264  ,-0.008186 ,25.650000 
8.640000  ,18.969194 ,-20.818356,7.998126  ,8.000000  ,0.072264  ,-0.047969 ,25.650000 
8.660000  ,18.809361 ,-20.824821,7.998300  ,8.000000  ,0.067144  ,-0.024617 ,25.650000 
8.660000  ,18.809361 ,-20.824821,7.998300  ,8.000000  ,0.067144  ,0.039300  ,25.650000 
8.680000  ,18.649535 ,-20.831551,7.998457  ,8.000000  ,0.061489  ,-0.009511 ,25.730000 
8.680000  ,18.649535 ,-20.831551,7.998457  ,8.000000  ,0.061489  ,0.022388  ,25.730000 
8.700000  ,18.489707 ,-20.838305,7.998601  ,7.950965  ,0.055106  ,-0.055875 ,25.820000 
8.700000  ,18.489707 ,-20.838305,7.998601  ,7.950965  ,0.055106  ,-0.008236 ,25.820000 
8.720000  ,18.330036 ,-20.844722,7.982203  ,7.810948  ,0.048348  ,-0.001999 ,25.900000 
8.720000  ,18.330036 ,-20.844722,7.982203  ,7.810948  ,0.048348  ,0.010992  ,25.900000 
8.740000  ,18.171130 ,-20.850812,7.923253  ,7.645335  ,0.041221  ,0.002862  ,25.990000 
8.740000  ,18.171130 ,-20.850812,7.923253  ,7.645335  ,0.041221  ,0.026798  ,25.990000 
8.760000  ,18.013760 ,-20.856094,7.827587  ,7.643914  ,0.033614  ,0.040162  ,25.990000 
8.760000  ,18.013760 ,-20.856094,7.827587  ,7.643914  ,0.033614  ,0.055925  ,25.990000 
8.780000  ,17.857939 ,-20.860610,7.764362  ,7.533075  ,0.026592  ,0.054787  ,26.080000 
8.780000  ,17.857939 ,-20.860610,7.764362  ,7.533075  ,0.026592  ,0.014290  ,26.080000 
8.800000  ,17.703536 ,-20.864357,7.684748  ,7.415666  ,0.019779  ,-0.024610 ,26.160000 
8.800000  ,17.703536 ,-20.864357,7.684748  ,7.415666  ,0.019779  ,0.046660  ,26.160000 
8.820000  ,17.550850 ,-20.867600,7.592124  ,7.254757  ,0.012962  ,-0.049124 ,26.250000 
8.820000  ,17.550850 ,-20.867600,7.592124  ,7.254757  ,0.012962  ,0.022764  ,26.250000 
8.840000  ,17.400253 ,-20.870219,7.475994  ,7.231416  ,0.005909  ,-0.066165 ,26.250000 
8.840000  ,17.400253 ,-20.870219,7.475994  ,7.231416  ,0.005909  ,-0.055874 ,26.250000 
8.860000  ,17.251627 ,-20.871665,7.391804  ,7.136186  ,0.000088  ,0.014883  ,26.330000 
8.860000  ,17.251627 ,-20.871665,7.391804  ,7.136186  ,0.000088  ,0.068374  ,26.330000 
8.880000  ,17.104718 ,-20.871459,7.303814  ,7.032505  ,0.000000  ,-0.070991 ,26.420000 
8.880000  ,17.104718 ,-20.871459,7.303814  ,7.032505  ,0.000000  ,0.056301  ,26.420000 
8.900000  ,16.959638 ,-20.869569,7.210423  ,6.857774  ,0.008017  ,0.040136  ,26.510000 
8.900000  ,16.959638 ,-20.869569,7.210423  ,6.857774  ,0.008017  ,0.017491  ,26.510000 
8.920000  ,16.816749 ,-20.866149,7.089033  ,6.851669  ,0.010215  ,0.008361  ,26.510000 
8.920000  ,16.816749 ,-20.866149,7.089033  ,6.851669  ,0.010215  ,-0.023281 ,26.510000 
8.940000  ,16.675933 ,-20.860745,7.007327  ,6.762065  ,0.010389  ,-0.005744 ,26.590000 
8.940000  ,16.675933 ,-20.860745,7.007327  ,6.762065  ,0.010389  ,-0.086448 ,26.590000 
8.960000  ,16.536858 ,-20.853628,6.922901  ,6.623830  ,0.008963  ,-0.018647 ,26.680000 
8.960000  ,16.536858 ,-20.853628,6.922901  ,6.623830  ,0.008963  ,-0.029472 ,26.680000 
8.980000  ,16.399747 ,-20.845126,6.819954  ,6.588946  ,0.006274  ,-0.056585 ,26.680000 
8.980000  ,16.399747 ,-20.845126,6.819954  ,6.588946  ,0.006274  ,0.007737  ,26.680000 
9.000000  ,16.264554 ,-20.835146,6.740436  ,6.503171  ,0.002039  ,-0.022176 ,26.760000 
9.000000  ,16.264554 ,-20.835146,6.740436  ,6.503171  ,0.002039  ,0.007028  ,26.760000 
9.020000  ,16.131100 ,-20.823650,6.658763  ,6.377154  ,0.003743  ,0.039431  ,26.850000 
9.020000  ,16.131100 ,-20.823650,6.658763  ,6.377154  ,0.003743  ,0.022413  ,26.850000 
9.040000  ,15.999601 ,-20.810513,6.561827  ,6.331657  ,0.011280  ,-0.001361 ,26.850000 
9.040000  ,15.999601 ,-20.810513,6.561827  ,6.331657  ,0.011280  ,-0.056065 ,26.850000 
9.060000  ,15.869969 ,-20.796360,6.482597  ,6.253383  ,0.019906  ,-0.048728 ,26.940000 
9.060000  ,15.869969 ,-20.796360,6.482597  ,6.253383  ,0.019906  ,-0.043355 ,26.940000 
9.080000  ,15.741973 ,-20.781797,6.403696  ,6.132503  ,0.029073  ,-0.011607 ,27.020000 
9.080000  ,15.741973 ,-20.781797,6.403696  ,6.132503  ,0.029073  ,-0.050617 ,27.020000 
9.100000  ,15.615736 ,-20.767082,6.310345  ,6.103530  ,0.038159  ,0.021572  ,27.020000 
9.100000  ,15.615736 ,-20.767082,6.310345  ,6.103530  ,0.038159  ,0.005966  ,27.020000 
9.120000  ,15.491181 ,-20.752067,6.239154  ,6.023103  ,0.047577  ,0.037619  ,27.110000 
9.120000  ,15.491181 ,-20.752067,6.239154  ,6.023103  ,0.047577  ,-0.027827 ,27.110000 
9.140000  ,15.368083 ,-20.737133,6.164784  ,5.871026  ,0.056986  ,0.011574  ,27.190000 
9.140000  ,15.368083 ,-20.737133,6.164784  ,5.871026  ,0.056986  ,-0.033989 ,27.190000 
9.160000  ,15.246659 ,-20.723111,6.063666  ,5.878056  ,0.064019  ,-0.029235 ,27.190000 
9.160000  ,15.246659 ,-20.723111,6.063666  ,5.878056  ,0.064019  ,-0.001722 ,27.190000 
9.180000  ,15.126742 ,-20.710286,5.999774  ,5.781873  ,0.070223  ,-0.027552 ,27.280000 
9.180000  ,15.126742 ,-20.710286,5.999774  ,5.781873  ,0.070223  ,0.018586  ,27.280000 
9.200000  ,15.008120 ,-20.698504,5.924767  ,5.741526  ,0.073790  ,-0.019396 ,27.280000 
9.200000  ,15.008120 ,-20.698504,5.924767  ,5.741526  ,0.073790  ,-0.026858 ,27.280000 
9.220000  ,14.890769 ,-20.687885,5.861691  ,5.677620  ,0.076074  ,0.027270  ,27.370000 
9.220000  ,14.890769 ,-20.687885,5.861691  ,5.677620  ,0.076074  ,0.003674  ,27.370000 
9.240000  ,14.774604 ,-20.678209,5.798330  ,5.541136  ,0.077191  ,0.014864  ,27.450000 
9.240000  ,14.774604 ,-20.678209,5.798330  ,5.541136  ,0.077191  ,0.013466  ,27.450000 
9.260000  ,14.659905 ,-20.669428,5.709798  ,5.554388  ,0.074243  ,0.061564  ,27.450000 
9.260000  ,14.659905 ,-20.669428,5.709798  ,5.554388  ,0.074243  ,-0.072880 ,27.450000 
9.280000  ,14.546548 ,-20.661523,5.656302  ,5.456874  ,0.071354  ,-0.054061 ,27.540000 
9.280000  ,14.546548 ,-20.661523,5.656302  ,5.456874  ,0.071354  ,-0.007484 ,27.540000 
9.300000  ,14.434389 ,-20.654115,5.587654  ,5.437804  ,0.064969  ,-0.028777 ,27.540000 
9.300000  ,14.434389 ,-20.654115,5.587654  ,5.437804  ,0.064969  ,0.008885  ,27.540000 
9.320000  ,14.323419 ,-20.646814,5.536072  ,5.372491  ,0.058937  ,-0.042021 ,27.620000 
9.320000  ,14.323419 ,-20.646814,5.536072  ,5.372491  ,0.058937  ,0.005835  ,27.620000 
9.340000  ,14.213586 ,-20.638746,5.479764  ,5.336804  ,0.050943  ,0.015330  ,27.620000 
9.340000  ,14.213586 ,-20.638746,5.479764  ,5.336804  ,0.050943  ,-0.075574 ,27.620000 
9.360000  ,14.104949 ,-20.628977,5.430554  ,5.281272  ,0.044630  ,-0.023352 ,27.710000 
9.360000  ,14.104949 ,-20.628977,5.430554  ,5.281272  ,0.044630  ,-0.014236 ,27.710000 
9.380000  ,13.997534 ,-20.617116,5.379167  ,5.151352  ,0.040307  ,-0.046351 ,27.800000 
9.380000  ,13.997534 ,-20.617116,5.379167  ,5.151352  ,0.040307  ,-0.043733 ,27.800000 
9.400000  ,13.891705 ,-20.603083,5.300748  ,5.186663  ,0.033173  ,-0.012814 ,27.800000 
9.400000  ,13.891705 ,-20.603083,5.300748  ,5.186663  ,0.033173  ,0.005798  ,27.800000 
9.420000  ,13.787486 ,-20.586078,5.261477  ,5.080982  ,0.031334  ,0.012077  ,27.880000 
9.420000  ,13.787486 ,-20.586078,5.261477  ,5.080982  ,0.031334  ,-0.015379 ,27.880000 
9.440000  ,13.684850 ,-20.566052,5.199346  ,5.098913  ,0.027692  ,-0.021844 ,27.880000 
9.440000  ,13.684850 ,-20.566052,5.199346  ,5.098913  ,0.027692  ,0.005626  ,27.880000 
9.460000  ,13.583879 ,-20.542784,5.164775  ,5.011429  ,0.029454  ,0.011344  ,27.970000 
9.460000  ,13.583879 ,-20.542784,5.164775  ,5.011429  ,0.029454  ,-0.002522 ,27.970000 
9.480000  ,13.484580 ,-20.516432,5.111990  ,5.018625  ,0.029630  ,0.035688  ,27.970000 
9.480000  ,13.484580 ,-20.516432,5.111990  ,5.018625  ,0.029630  ,0.017506  ,27.970000 
9.500000  ,13.387014 ,-20.487042,5.079851  ,4.942678  ,0.034965  ,-0.021824 ,28.060000 
9.500000  ,13.387014 ,-20.487042,5.079851  ,4.942678  ,0.034965  ,-0.022823 ,28.060000 
9.520000  ,13.291107 ,-20.455064,5.032633  ,4.945761  ,0.038303  ,-0.017007 ,28.060000 
9.520000  ,13.291107 ,-20.455064,5.032633  ,4.945761  ,0.038303  ,0.033356  ,28.060000 
9.540000  ,13.196733 ,-20.420995,5.002729  ,4.878815  ,0.045819  ,0.022343  ,28.140000 
9.540000  ,13.196733 ,-20.420995,5.002729  ,4.878815  ,0.045819  ,-0.019693 ,28.140000 
9.560000  ,13.103920 ,-20.384848,4.960075  ,4.876607  ,0.050884  ,0.037138  ,28.140000 
9.560000  ,13.103920 ,-20.384848,4.960075  ,4.876607  ,0.050884  ,0.009709  ,28.140000 
9.580000  ,13.012484 ,-20.347163,4.931343  ,4.820263  ,0.059601  ,-0.027228 ,28.230000 
9.580000  ,13.012484 ,-20.347163,4.931343  ,4.820263  ,0.059601  ,0.024628  ,28.230000 
9.600000  ,12.922210 ,-20.308450,4.893107  ,4.820780  ,0.064726  ,0.011057  ,28.230000 
9.600000  ,12.922210 ,-20.308450,4.893107  ,4.820780  ,0.064726  ,0.042917  ,28.230000 
9.620000  ,12.832775 ,-20.269373,4.868210  ,4.766389  ,0.072395  ,-0.007072 ,28.310000 
9.620000  ,12.832775 ,-20.269373,4.868210  ,4.766389  ,0.072395  ,-0.039767 ,28.310000 
9.640000  ,12.744194 ,-20.229857,4.833161  ,4.761007  ,0.075602  ,0.040163  ,28.310000 
9.640000  ,12.744194 ,-20.229857,4.833161  ,4.761007  ,0.075602  ,0.045688  ,28.310000 
9.660000  ,12.656562 ,-20.189686,4.808324  ,4.718381  ,0.081943  ,0.023227  ,28.400000 
9.660000  ,12.656562 ,-20.189686,4.808324  ,4.718381  ,0.081943  ,-0.022076 ,28.400000 
9.680000  ,12.569897 ,-20.148763,4.777363  ,4.714436  ,0.083775  ,-0.021544 ,28.400000 
9.680000  ,12.569897 ,-20.148763,4.777363  ,4.714436  ,0.083775  ,0.027462  ,28.400000 
9.700000  ,12.484008 ,-20.107426,4.755702  ,4.676216  ,0.088863  ,-0.033809 ,28.490000 
9.700000  ,12.484008 ,-20.107426,4.755702  ,4.676216  ,0.088863  ,0.022818  ,28.490000 
9.720000  ,12.399047 ,-20.065315,4.728341  ,4.680571  ,0.088826  ,0.045266  ,28.490000 
9.720000  ,12.399047 ,-20.065315,4.728341  ,4.680571  ,0.088826  ,-0.021142 ,28.490000 
9.740000  ,12.315254 ,-20.021856,4.711898  ,4.639754  ,0.093665  ,0.040154  ,28.570000 
9.740000  ,12.315254 ,-20.021856,4.711898  ,4.639754  ,0.093665  ,-0.014012 ,28.570000 
9.760000  ,12.232877 ,-19.976633,4.687064  ,4.645031  ,0.093526  ,-0.006678 ,28.570000 
9.760000  ,12.232877 ,-19.976633,4.687064  ,4.645031  ,0.093526  ,-0.011586 ,28.570000 
9.780000  ,12.151910 ,-19.929698,4.672595  ,4.608999  ,0.099561  ,0.038924  ,28.660000 
9.780000  ,12.151910 ,-19.929698,4.672595  ,4.608999  ,0.099561  ,-0.059609 ,28.660000 
9.800000  ,12.072520 ,-19.880843,4.650704  ,4.607853  ,0.099463  ,0.001896  ,28.660000 
9.800000  ,12.072520 ,-19.880843,4.650704  ,4.607853  ,0.099463  ,-0.007122 ,28.660000 
9.820000  ,11.995023 ,-19.829695,4.635954  ,4.584308  ,0.107376  ,-0.022683 ,28.740000 
9.820000  ,11.995023 ,-19.829695,4.635954  ,4.584308  ,0.107376  ,-0.070954 ,28.740000 
9.840000  ,11.919363 ,-19.776429,4.618176  ,4.589486  ,0.107768  ,0.016936  ,28.740000 
9.840000  ,11.919363 ,-19.776429,4.618176  ,4.589486  ,0.107768  ,-0.024296 ,28.740000 
9.860000  ,11.845702 ,-19.720887,4.608300  ,4.576828  ,0.111172  ,-0.033938 ,28.740000 
9.860000  ,11.845702 ,-19.720887,4.608300  ,4.576828  ,0.111172  ,-0.027824 ,28.740000 
9.880000  ,11.774385 ,-19.662694,4.597467  ,4.564042  ,0.118483  ,0.022839  ,28.830000 
9.880000  ,11.774385 ,-19.662694,4.597467  ,4.564042  ,0.118483  ,-0.009958 ,28.830000 
9.900000  ,11.705429 ,-19.602059,4.585961  ,4.559519  ,0.122924  ,-0.033672 ,28.830000 
9.900000  ,11.705429 ,-19.602059,4.585961  ,4.559519  ,0.122924  ,-0.000906 ,28.830000 
9.920000  ,11.638835 ,-19.539137,4.576859  ,4.551664  ,0.131662  ,-0.064096 ,28.920000 
9.920000  ,11.638835 ,-19.539137,4.576859  ,4.551664  ,0.131662  ,-0.025776 ,28.920000 
9.940000  ,11.574440 ,-19.474215,4.568186  ,4.546804  ,0.135911  ,0.007579  ,28.920000 
9.940000  ,11.574440 ,-19.474215,4.568186  ,4.546804  ,0.135911  ,-0.048558 ,28.920000 
9.960000  ,11.512591 ,-19.407083,4.560826  ,4.542773  ,0.145190  ,0.014547  ,29.000000 
9.960000  ,11.512591 ,-19.407083,4.560826  ,4.542773  ,0.145190  ,-0.035790 ,29.000000 
9.980000  ,11.453292 ,-19.337863,4.554612  ,4.538317  ,0.149209  ,0.001222  ,29.000000 
9.980000  ,11.453292 ,-19.337863,4.554612  ,4.538317  ,0.149209  ,0.037885  ,29.000000 
10.000000 ,11.396262 ,-19.266912,4.549003  ,4.530179  ,0.158270  ,0.019552  ,29.090000 
10.000000 ,11.396262 ,-19.266912,4.549003  ,4.530179  ,0.158270  ,0.040191  ,29.090000 
10.020000 ,11.341505 ,-19.194345,4.542523  ,4.526930  ,0.160934  ,0.087638  ,29.090000 
10.020000 ,11.341505 ,-19.194345,4.542523  ,4.526930  ,0.160934  ,-0.002034 ,29.090000 
10.040000 ,11.288852 ,-19.120380,4.537156  ,4.531170  ,0.168763  ,0.025583  ,29.170000 
10.040000 ,11.288852 ,-19.120380,4.537156  ,4.531170  ,0.168763  ,-0.021869 ,29.170000 
10.060000 ,11.237758 ,-19.045416,4.535095  ,4.531572  ,0.168866  ,-0.039793 ,29.170000 
10.060000 ,11.237758 ,-19.045416,4.535095  ,4.531572  ,0.168866  ,0.030129  ,29.170000 
10.080000 ,11.187785 ,-18.969739,4.533883  ,4.534140  ,0.173363  ,-0.018383 ,29.260000 
10.080000 ,11.187785 ,-18.969739,4.533883  ,4.534140  ,0.173363  ,0.035177  ,29.260000 
10.100000 ,11.139112 ,-18.893233,4.533907  ,4.531462  ,0.169489  ,0.002005  ,29.260000 
10.100000 ,11.139112 ,-18.893233,4.533907  ,4.531462  ,0.169489  ,-0.013210 ,29.260000 
10.120000 ,11.092049 ,-18.815736,4.533065  ,4.529892  ,0.170983  ,0.029866  ,29.350000 
10.120000 ,11.092049 ,-18.815736,4.533065  ,4.529892  ,0.170983  ,0.014437  ,29.350000 
10.140000 ,11.046970 ,-18.737093,4.531973  ,4.526936  ,0.164494  ,-0.022226 ,29.350000 
10.140000 ,11.046970 ,-18.737093,4.531973  ,4.526936  ,0.164494  ,-0.028414 ,29.350000 
10.160000 ,11.004203 ,-18.657202,4.530239  ,4.530677  ,0.164584  ,-0.032394 ,29.430000 
10.160000 ,11.004203 ,-18.657202,4.530239  ,4.530677  ,0.164584  ,-0.030177 ,29.430000 
10.180000 ,10.963979 ,-18.576020,4.530280  ,4.527379  ,0.156802  ,0.000628  ,29.430000 
10.180000 ,10.963979 ,-18.576020,4.530280  ,4.527379  ,0.156802  ,0.002762  ,29.430000 
10.200000 ,10.926628 ,-18.493489,4.529281  ,4.537469  ,0.156693  ,0.066046  ,29.520000 
10.200000 ,10.926628 ,-18.493489,4.529281  ,4.537469  ,0.156693  ,0.005595  ,29.520000 
10.220000 ,10.892599 ,-18.409536,4.530041  ,4.533614  ,0.148937  ,0.035757  ,29.520000 
10.220000 ,10.892599 ,-18.409536,4.530041  ,4.533614  ,0.148937  ,-0.035107 ,29.520000 
10.240000 ,10.861802 ,-18.324332,4.530373  ,4.534577  ,0.149730  ,-0.003201 ,29.600000 
10.240000 ,10.861802 ,-18.324332,4.530373  ,4.534577  ,0.149730  ,-0.022268 ,29.600000 
10.260000 ,10.834362 ,-18.237982,4.530763  ,4.529813  ,0.142229  ,-0.025431 ,29.600000 
10.260000 ,10.834362 ,-18.237982,4.530763  ,4.529813  ,0.142229  ,-0.031586 ,29.600000 
10.280000 ,10.810502 ,-18.150575,4.530436  ,4.541802  ,0.144187  ,-0.038465 ,29.690000 
10.280000 ,10.810502 ,-18.150575,4.530436  ,4.541802  ,0.144187  ,-0.045046 ,29.690000 
10.300000 ,10.790351 ,-18.062231,4.531492  ,4.532254  ,0.137470  ,0.052002  ,29.690000 
10.300000 ,10.790351 ,-18.062231,4.531492  ,4.532254  ,0.137470  ,-0.027897 ,29.690000 
10.320000 ,10.773800 ,-17.973131,4.531562  ,4.559924  ,0.140804  ,-0.014007 ,29.780000 
10.320000 ,10.773800 ,-17.973131,4.531562  ,4.559924  ,0.140804  ,0.018735  ,29.780000 
10.340000 ,10.761119 ,-17.883371,4.534195  ,4.548045  ,0.134915  ,0.051639  ,29.780000 
10.340000 ,10.761119 ,-17.883371,4.534195  ,4.548045  ,0.134915  ,-0.097977 ,29.780000 
10.360000 ,10.752128 ,-17.793128,4.535481  ,4.575548  ,0.139615  ,-0.012775 ,29.860000 
10.360000 ,10.752128 ,-17.793128,4.535481  ,4.575548  ,0.139615  ,-0.010425 ,29.860000 
10.380000 ,10.747044 ,-17.702530,4.539201  ,4.555593  ,0.134730  ,0.004848  ,29.860000 
10.380000 ,10.747044 ,-17.702530,4.539201  ,4.555593  ,0.134730  ,0.007037  ,29.860000 
10.400000 ,10.745628 ,-17.611747,4.540723  ,4.569279  ,0.133513  ,-0.038244 ,29.860000 
10.400000 ,10.745628 ,-17.611747,4.540723  ,4.569279  ,0.133513  ,0.027052  ,29.860000 
10.420000 ,10.747671 ,-17.520934,4.543374  ,4.577108  ,0.136573  ,0.028079  ,29.950000 
10.420000 ,10.747671 ,-17.520934,4.543374  ,4.577108  ,0.136573  ,0.040828  ,29.950000 
10.440000 ,10.752772 ,-17.430182,4.546506  ,4.587747  ,0.135626  ,-0.027266 ,29.950000 
10.440000 ,10.752772 ,-17.430182,4.546506  ,4.587747  ,0.135626  ,0.066825  ,29.950000 
10.460000 ,10.761066 ,-17.339597,4.550335  ,4.597031  ,0.139214  ,-0.036572 ,30.030000 
10.460000 ,10.761066 ,-17.339597,4.550335  ,4.597031  ,0.139214  ,-0.022616 ,30.030000 
10.480000 ,10.772207 ,-17.249234,4.554670  ,4.610099  ,0.138524  ,0.016094  ,30.030000 
10.480000 ,10.772207 ,-17.249234,4.554670  ,4.610099  ,0.138524  ,-0.043430 ,30.030000 
10.500000 ,10.785885 ,-17.159123,4.559816  ,4.621541  ,0.142157  ,0.001937  ,30.120000 
10.500000 ,10.785885 ,-17.159123,4.559816  ,4.621541  ,0.142157  ,0.001171  ,30.120000 
10.520000 ,10.801588 ,-17.069232,4.565546  ,4.629482  ,0.140675  ,-0.066983 ,30.120000 
10.520000 ,10.801588 ,-17.069232,4.565546  ,4.629482  ,0.140675  ,0.007150  ,30.120000 
10.540000 ,10.818973 ,-16.979531,4.571482  ,4.653945  ,0.143039  ,-0.030969 ,30.210000 
10.540000 ,10.818973 ,-16.979531,4.571482  ,4.653945  ,0.143039  ,0.026086  ,30.210000 
10.560000 ,10.837499 ,-16.889919,4.579138  ,4.659425  ,0.139350  ,0.008640  ,30.210000 
10.560000 ,10.837499 ,-16.889919,4.579138  ,4.659425  ,0.139350  ,-0.033352 ,30.210000 
10.580000 ,10.857326 ,-16.800432,4.586592  ,4.695771  ,0.139479  ,0.007448  ,30.290000 
10.580000 ,10.857326 ,-16.800432,4.586592  ,4.695771  ,0.139479  ,-0.043773 ,30.290000 
10.600000 ,10.878410 ,-16.711051,4.596728  ,4.692990  ,0.133561  ,-0.000971 ,30.290000 
10.600000 ,10.878410 ,-16.711051,4.596728  ,4.692990  ,0.133561  ,0.068733  ,30.290000 
10.620000 ,10.900961 ,-16.621833,4.605665  ,4.743478  ,0.131981  ,-0.006259 ,30.380000 
10.620000 ,10.900961 ,-16.621833,4.605665  ,4.743478  ,0.131981  ,-0.001314 ,30.380000 
10.640000 ,10.925030 ,-16.532787,4.618459  ,4.736904  ,0.124425  ,0.007263  ,30.380000 
10.640000 ,10.925030 ,-16.532787,4.618459  ,4.736904  ,0.124425  ,0.021857  ,30.380000 
10.660000 ,10.950621 ,-16.443919,4.629455  ,4.781191  ,0.121638  ,-0.037225 ,30.460000 
10.660000 ,10.950621 ,-16.443919,4.629455  ,4.781191  ,0.121638  ,-0.001756 ,30.460000 
10.680000 ,10.978153 ,-16.355371,4.643542  ,4.770143  ,0.113006  ,-0.021970 ,30.460000 
10.680000 ,10.978153 ,-16.355371,4.643542  ,4.770143  ,0.113006  ,0.011810  ,30.460000 
10.700000 ,11.007872 ,-16.267261,4.655296  ,4.836442  ,0.110261  ,-0.025296 ,30.550000 
10.700000 ,11.007872 ,-16.267261,4.655296  ,4.836442  ,0.110261  ,-0.012185 ,30.550000 
10.720000 ,11.040137 ,-16.179746,4.672113  ,4.820381  ,0.101920  ,-0.020910 ,30.550000 
10.720000 ,11.040137 ,-16.179746,4.672113  ,4.820381  ,0.101920  ,-0.051445 ,30.550000 
10.740000 ,11.075255 ,-16.093009,4.685878  ,4.887619  ,0.100576  ,-0.051246 ,30.640000 
10.740000 ,11.075255 ,-16.093009,4.685878  ,4.887619  ,0.100576  ,-0.024108 ,30.640000 
10.760000 ,11.113391 ,-16.007199,4.704608  ,4.859689  ,0.093779  ,0.027135  ,30.640000 
10.760000 ,11.113391 ,-16.007199,4.704608  ,4.859689  ,0.093779  ,0.005671  ,30.640000 
10.780000 ,11.154717 ,-15.922512,4.719005  ,4.941495  ,0.094731  ,-0.055921 ,30.720000 
10.780000 ,11.154717 ,-15.922512,4.719005  ,4.941495  ,0.094731  ,0.012057  ,30.720000 
10.800000 ,11.199353 ,-15.839122,4.739661  ,4.915962  ,0.090310  ,0.008955  ,30.720000 
10.800000 ,11.199353 ,-15.839122,4.739661  ,4.915962  ,0.090310  ,-0.009028 ,30.720000 
10.820000 ,11.247096 ,-15.757045,4.756028  ,4.937650  ,0.089230  ,0.058305  ,30.720000 
10.820000 ,11.247096 ,-15.757045,4.756028  ,4.937650  ,0.089230  ,0.007708  ,30.720000 
10.840000 ,11.298161 ,-15.676598,4.772890  ,4.968933  ,0.092013  ,0.007990  ,30.810000 
10.840000 ,11.298161 ,-15.676598,4.772890  ,4.968933  ,0.092013  ,0.003125  ,30.810000 
10.860000 ,11.352228 ,-15.597710,4.791090  ,4.991173  ,0.093499  ,-0.047593 ,30.810000 
10.860000 ,11.352228 ,-15.597710,4.791090  ,4.991173  ,0.093499  ,0.003488  ,30.810000 
10.880000 ,11.408817 ,-15.520153,4.809666  ,5.026221  ,0.098188  ,0.051444  ,30.900000 
10.880000 ,11.408817 ,-15.520153,4.809666  ,5.026221  ,0.098188  ,-0.016165 ,30.900000 
10.900000 ,11.467551 ,-15.443718,4.829771  ,5.047431  ,0.100445  ,0.008003  ,30.900000 
10.900000 ,11.467551 ,-15.443718,4.829771  ,5.047431  ,0.100445  ,-0.021468 ,30.900000 
10.920000 ,11.528152 ,-15.368237,4.849978  ,5.085055  ,0.105222  ,-0.036193 ,30.980000 
10.920000 ,11.528152 ,-15.368237,4.849978  ,5.085055  ,0.105222  ,-0.002903 ,30.980000 
10.940000 ,11.590145 ,-15.293347,4.871802  ,5.106282  ,0.106567  ,-0.048843 ,30.980000 
10.940000 ,11.590145 ,-15.293347,4.871802  ,5.106282  ,0.106567  ,-0.013263 ,30.980000 
10.960000 ,11.653324 ,-15.218881,4.893571  ,5.145575  ,0.109563  ,0.002978  ,31.070000 
10.960000 ,11.653324 ,-15.218881,4.893571  ,5.145575  ,0.109563  ,-0.035248 ,31.070000 
10.980000 ,11.717773 ,-15.144913,4.916967  ,5.167554  ,0.108974  ,-0.010133 ,31.070000 
10.980000 ,11.717773 ,-15.144913,4.916967  ,5.167554  ,0.108974  ,0.019916  ,31.070000 
11.000000 ,11.783570 ,-15.071512,4.940231  ,5.207247  ,0.110158  ,0.015007  ,31.150000 
11.000000 ,11.783570 ,-15.071512,4.940231  ,5.207247  ,0.110158  ,0.011318  ,31.150000 
11.020000 ,11.850433 ,-14.998428,4.965021  ,5.230964  ,0.107607  ,-0.013959 ,31.150000 
11.020000 ,11.850433 ,-14.998428,4.965021  ,5.230964  ,0.107607  ,0.003978  ,31.150000 
11.040000 ,11.918461 ,-14.925749,4.989711  ,5.269686  ,0.106408  ,0.013477  ,31.240000 
11.040000 ,11.918461 ,-14.925749,4.989711  ,5.269686  ,0.106408  ,-0.006106 ,31.240000 
11.060000 ,11.987746 ,-14.853562,5.015703  ,5.296237  ,0.101961  ,0.008962  ,31.240000 
11.060000 ,11.987746 ,-14.853562,5.015703  ,5.296237  ,0.101961  ,0.056762  ,31.240000 
11.080000 ,12.058397 ,-14.781979,5.041748  ,5.333836  ,0.098927  ,-0.038838 ,31.330000 
11.080000 ,12.058397 ,-14.781979,5.041748  ,5.333836  ,0.098927  ,-0.022158 ,31.330000 
11.100000 ,12.130458 ,-14.711056,5.068865  ,5.432247  ,0.096942  ,0.081583  ,31.410000 
11.100000 ,12.130458 ,-14.711056,5.068865  ,5.432247  ,0.096942  ,0.081865  ,31.410000 
11.120000 ,12.204055 ,-14.640842,5.102601  ,5.401840  ,0.088712  ,0.039201  ,31.410000 
11.120000 ,12.204055 ,-14.640842,5.102601  ,5.401840  ,0.088712  ,-0.011177 ,31.410000 
11.140000 ,12.279397 ,-14.571594,5.130382  ,5.497028  ,0.085698  ,-0.044459 ,31.500000 
11.140000 ,12.279397 ,-14.571594,5.130382  ,5.497028  ,0.085698  ,-0.056047 ,31.500000 
11.160000 ,12.356304 ,-14.503152,5.164421  ,5.471059  ,0.077035  ,0.020940  ,31.500000 
11.160000 ,12.356304 ,-14.503152,5.164421  ,5.471059  ,0.077035  ,0.003583  ,31.500000 
11.180000 ,12.434842 ,-14.435627,5.192889  ,5.561528  ,0.072978  ,0.026676  ,31.580000 
11.180000 ,12.434842 ,-14.435627,5.192889  ,5.561528  ,0.072978  ,0.025470  ,31.580000 
11.200000 ,12.515265 ,-14.369368,5.227113  ,5.543316  ,0.064411  ,-0.005547 ,31.580000 
11.200000 ,12.515265 ,-14.369368,5.227113  ,5.543316  ,0.064411  ,-0.041203 ,31.580000 
11.220000 ,12.597364 ,-14.304170,5.256469  ,5.625356  ,0.060027  ,-0.022364 ,31.670000 
11.220000 ,12.597364 ,-14.304170,5.256469  ,5.625356  ,0.060027  ,0.017023  ,31.670000 
11.240000 ,12.681148 ,-14.240099,5.290716  ,5.612582  ,0.051583  ,-0.020327 ,31.670000 
11.240000 ,12.681148 ,-14.240099,5.290716  ,5.612582  ,0.051583  ,-0.012880 ,31.670000 
11.260000 ,12.766713 ,-14.177338,5.320598  ,5.688451  ,0.046971  ,0.078123  ,31.760000 
11.260000 ,12.766713 ,-14.177338,5.320598  ,5.688451  ,0.046971  ,0.026466  ,31.760000 
11.280000 ,12.854168 ,-14.116114,5.354749  ,5.684032  ,0.039567  ,0.031353  ,31.760000 
11.280000 ,12.854168 ,-14.116114,5.354749  ,5.684032  ,0.039567  ,-0.131959 ,31.760000 
11.300000 ,12.943287 ,-14.056170,5.385319  ,5.750526  ,0.035300  ,-0.038968 ,31.840000 
11.300000 ,12.943287 ,-14.056170,5.385319  ,5.750526  ,0.035300  ,0.051664  ,31.840000 
11.320000 ,13.033847 ,-13.997236,5.419225  ,5.761722  ,0.028373  ,-0.005551 ,31.840000 
11.320000 ,13.033847 ,-13.997236,5.419225  ,5.761722  ,0.028373  ,0.058924  ,31.840000 
11.340000 ,13.125835 ,-13.939312,5.451022  ,5.816398  ,0.023653  ,0.009160  ,31.930000 
11.340000 ,13.125835 ,-13.939312,5.451022  ,5.816398  ,0.023653  ,-0.010403 ,31.930000 
11.360000 ,13.219393 ,-13.882682,5.484943  ,5.827408  ,0.017339  ,-0.059374 ,31.930000 
11.360000 ,13.219393 ,-13.882682,5.484943  ,5.827408  ,0.017339  ,0.027978  ,31.930000 
11.380000 ,13.314467 ,-13.827317,5.516737  ,5.875940  ,0.012958  ,-0.046935 ,32.010000 
11.380000 ,13.314467 ,-13.827317,5.516737  ,5.875940  ,0.012958  ,0.027725  ,32.010000 
11.400000 ,13.411027 ,-13.773242,5.550085  ,5.973265  ,0.009772  ,-0.005209 ,32.100000 
11.400000 ,13.411027 ,-13.773242,5.550085  ,5.973265  ,0.009772  ,-0.000379 ,32.100000 
11.420000 ,13.509292 ,-13.720770,5.589373  ,5.947248  ,0.004037  ,0.023036  ,32.100000 
11.420000 ,13.509292 ,-13.720770,5.589373  ,5.947248  ,0.004037  ,0.012148  ,32.100000 
11.440000 ,13.609244 ,-13.669966,5.622597  ,6.031256  ,0.002101  ,-0.052932 ,32.190000 
11.440000 ,13.609244 ,-13.669966,5.622597  ,6.031256  ,0.002101  ,0.044502  ,32.190000 
11.460000 ,13.710710 ,-13.620607,5.660537  ,6.006261  ,0.001995  ,-0.037045 ,32.190000 
11.460000 ,13.710710 ,-13.620607,5.660537  ,6.006261  ,0.001995  ,-0.007037 ,32.190000 
11.480000 ,13.813691 ,-13.572808,5.692634  ,6.073062  ,0.003076  ,0.014341  ,32.270000 
11.480000 ,13.813691 ,-13.572808,5.692634  ,6.073062  ,0.003076  ,-0.007810 ,32.270000 
11.500000 ,13.918301 ,-13.526978,5.727952  ,6.082562  ,0.005228  ,0.012408  ,32.270000 
11.500000 ,13.918301 ,-13.526978,5.727952  ,6.082562  ,0.005228  ,0.012531  ,32.270000 
11.520000 ,14.024383 ,-13.482860,5.760874  ,6.119124  ,0.004906  ,-0.005505 ,32.360000 
11.520000 ,14.024383 ,-13.482860,5.760874  ,6.119124  ,0.004906  ,0.000911  ,32.360000 
11.540000 ,14.131839 ,-13.440366,5.794133  ,6.212935  ,0.003179  ,-0.041039 ,32.440000 
11.540000 ,14.131839 ,-13.440366,5.794133  ,6.212935  ,0.003179  ,0.020302  ,32.440000 
11.560000 ,14.240612 ,-13.399277,5.833015  ,6.182617  ,0.004744  ,0.012492  ,32.440000 
11.560000 ,14.240612 ,-13.399277,5.833015  ,6.182617  ,0.004744  ,-0.001841 ,32.440000 
11.580000 ,14.350654 ,-13.359569,5.865471  ,6.258493  ,0.002942  ,0.017497  ,32.530000 
11.580000 ,14.350654 ,-13.359569,5.865471  ,6.258493  ,0.002942  ,0.024976  ,32.530000 
11.600000 ,14.461962 ,-13.321378,5.901959  ,6.251107  ,0.003844  ,0.009519  ,32.530000 
11.600000 ,14.461962 ,-13.321378,5.901959  ,6.251107  ,0.003844  ,0.016294  ,32.530000 
11.620000 ,14.574419 ,-13.284444,5.934374  ,6.288421  ,0.002409  ,-0.059977 ,32.620000 
11.620000 ,14.574419 ,-13.284444,5.934374  ,6.288421  ,0.002409  ,-0.028266 ,32.620000 
11.640000 ,14.688013 ,-13.248921,5.967243  ,6.309865  ,0.003178  ,-0.029480 ,32.620000 
11.640000 ,14.688013 ,-13.248921,5.967243  ,6.309865  ,0.003178  ,-0.048773 ,32.620000 
11.660000 ,14.802754 ,-13.214945,5.999052  ,6.330269  ,0.000000  ,0.003180  ,32.700000 
11.660000 ,14.802754 ,-13.214945,5.999052  ,6.330269  ,0.000000  ,-0.012949 ,32.700000 
11.680000 ,14.918689 ,-13.182868,6.029801  ,6.418376  ,0.000440  ,0.015644  ,32.790000 
11.680000 ,14.918689 ,-13.182868,6.029801  ,6.418376  ,0.000440  ,0.058004  ,32.790000 
11.700000 ,15.035749 ,-13.152399,6.065876  ,6.409411  ,0.002167  ,0.003844  ,32.790000 
11.700000 ,15.035749 ,-13.152399,6.065876  ,6.409411  ,0.002167  ,0.020110  ,32.790000 
11.720000 ,15.153936 ,-13.123627,6.097770  ,6.442944  ,0.001135  ,0.004170  ,32.870000 
11.720000 ,15.153936 ,-13.123627,6.097770  ,6.442944  ,0.001135  ,-0.022727 ,32.870000 
11.740000 ,15.273233 ,-13.096790,6.129815  ,6.468676  ,0.002437  ,0.016374  ,32.870000 
11.740000 ,15.273233 ,-13.096790,6.129815  ,6.468676  ,0.002437  ,0.039868  ,32.870000 
11.760000 ,15.393587 ,-13.071839,6.161275  ,6.489287  ,0.002187  ,-0.043650 ,32.960000 
11.760000 ,15.393587 ,-13.071839,6.161275  ,6.489287  ,0.002187  ,-0.053360 ,32.960000 
11.780000 ,15.514937 ,-13.048723,6.191727  ,6.561634  ,0.001338  ,-0.004401 ,33.050000 
11.780000 ,15.514937 ,-13.048723,6.191727  ,6.561634  ,0.001338  ,-0.060526 ,33.050000 
11.800000 ,15.637314 ,-13.027635,6.226069  ,6.558858  ,0.004020  ,-0.007436 ,33.050000 
11.800000 ,15.637314 ,-13.027635,6.226069  ,6.558858  ,0.004020  ,-0.023910 ,33.050000 
11.820000 ,15.760687 ,-13.008601,6.256965  ,6.602417  ,0.004190  ,0.035347  ,33.130000 
11.820000 ,15.760687 ,-13.008601,6.256965  ,6.602417  ,0.004190  ,0.061775  ,33.130000 
11.840000 ,15.884981 ,-12.991520,6.289036  ,6.695205  ,0.003898  ,0.025402  ,33.220000 
11.840000 ,15.884981 ,-12.991520,6.289036  ,6.695205  ,0.003898  ,0.008621  ,33.220000 
11.860000 ,16.010231 ,-12.976377,6.326745  ,6.670035  ,0.008121  ,-0.016337 ,33.220000 
11.860000 ,16.010231 ,-12.976377,6.326745  ,6.670035  ,0.008121  ,0.054416  ,33.220000 
11.880000 ,16.136372 ,-12.962924,6.358615  ,6.743522  ,0.009595  ,0.048767  ,33.300000 
11.880000 ,16.136372 ,-12.962924,6.358615  ,6.743522  ,0.009595  ,-0.008549 ,33.300000 
11.900000 ,16.263358 ,-12.951124,6.394350  ,6.760513  ,0.014203  ,-0.006780 ,33.300000 
11.900000 ,16.263358 ,-12.951124,6.394350  ,6.760513  ,0.014203  ,0.045165  ,33.300000 
11.920000 ,16.391196 ,-12.941116,6.428344  ,6.803451  ,0.017639  ,-0.082130 ,33.390000 
11.920000 ,16.391196 ,-12.941116,6.428344  ,6.803451  ,0.017639  ,0.019567  ,33.390000 
11.940000 ,16.519836 ,-12.932637,6.463168  ,6.906844  ,0.021250  ,0.024626  ,33.480000 
11.940000 ,16.519836 ,-12.932637,6.463168  ,6.906844  ,0.021250  ,-0.073310 ,33.480000 
11.960000 ,16.649345 ,-12.926010,6.504359  ,6.915799  ,0.027920  ,0.007832  ,33.480000 
11.960000 ,16.649345 ,-12.926010,6.504359  ,6.915799  ,0.027920  ,-0.014356 ,33.480000 
11.980000 ,16.779742 ,-12.921585,6.542556  ,6.978153  ,0.032655  ,0.026748  ,33.560000 
11.980000 ,16.779742 ,-12.921585,6.542556  ,6.978153  ,0.032655  ,-0.010717 ,33.560000 
12.000000 ,16.910978 ,-12.919065,6.582997  ,7.101513  ,0.037205  ,-0.046947 ,33.650000 
12.000000 ,16.910978 ,-12.919065,6.582997  ,7.101513  ,0.037205  ,-0.016056 ,33.650000 
12.020000 ,17.043122 ,-12.918362,6.631135  ,7.105195  ,0.044468  ,0.000072  ,33.650000 
12.020000 ,17.043122 ,-12.918362,6.631135  ,7.105195  ,0.044468  ,0.025931  ,33.650000 
12.040000 ,17.176186 ,-12.919332,6.675147  ,7.185249  ,0.050205  ,0.053517  ,33.730000 
12.040000 ,17.176186 ,-12.919332,6.675147  ,7.185249  ,0.050205  ,0.009614  ,33.730000 
12.060000 ,17.310136 ,-12.922201,6.722504  ,7.343745  ,0.055660  ,0.078618  ,33.820000 
12.060000 ,17.310136 ,-12.922201,6.722504  ,7.343745  ,0.055660  ,-0.027453 ,33.820000 
12.080000 ,17.445085 ,-12.926954,6.780179  ,7.350057  ,0.062953  ,0.030469  ,33.820000 
12.080000 ,17.445085 ,-12.926954,6.780179  ,7.350057  ,0.062953  ,-0.013423 ,33.820000 
12.100000 ,17.581082 ,-12.933177,6.833086  ,7.444478  ,0.068989  ,0.079777  ,33.910000 
12.100000 ,17.581082 ,-12.933177,6.833086  ,7.444478  ,0.068989  ,-0.009892 ,33.910000 
12.120000 ,17.718126 ,-12.940436,6.889847  ,7.620044  ,0.075401  ,0.048196  ,33.990000 
12.120000 ,17.718126 ,-12.940436,6.889847  ,7.620044  ,0.075401  ,0.022982  ,33.990000 
12.140000 ,17.856358 ,-12.948770,6.957638  ,7.637687  ,0.083321  ,-0.014345 ,33.990000 
12.140000 ,17.856358 ,-12.948770,6.957638  ,7.637687  ,0.083321  ,-0.012505 ,33.990000 
12.160000 ,17.995857 ,-12.957799,7.020773  ,7.756705  ,0.090887  ,-0.005852 ,34.080000 
12.160000 ,17.995857 ,-12.957799,7.020773  ,7.756705  ,0.090887  ,0.056239  ,34.080000 
12.180000 ,18.136619 ,-12.967662,7.089096  ,7.947900  ,0.098662  ,0.010765  ,34.170000 
12.180000 ,18.136619 ,-12.967662,7.089096  ,7.947900  ,0.098662  ,0.039568  ,34.170000 
12.200000 ,18.278792 ,-12.978540,7.168827  ,7.912536  ,0.106430  ,-0.002140 ,34.250000 
12.200000 ,18.278792 ,-12.978540,7.168827  ,7.912536  ,0.106430  ,-0.013081 ,34.250000 
12.220000 ,18.422399 ,-12.990153,7.237872  ,7.937414  ,0.114293  ,0.067501  ,34.250000 
12.220000 ,18.422399 ,-12.990153,7.237872  ,7.937414  ,0.114293  ,-0.027307 ,34.250000 
12.240000 ,18.567292 ,-13.002458,7.302817  ,7.799784  ,0.121647  ,0.059065  ,34.340000 
12.240000 ,18.567292 ,-13.002458,7.302817  ,7.799784  ,0.121647  ,0.051685  ,34.340000 
12.260000 ,18.713252 ,-13.015290,7.348955  ,7.616280  ,0.128759  ,-0.022673 ,34.420000 
12.260000 ,18.713252 ,-13.015290,7.348955  ,7.616280  ,0.128759  ,-0.037061 ,34.420000 
12.280000 ,18.859909 ,-13.028272,7.373773  ,7.593477  ,0.135107  ,-0.051450 ,34.420000 
12.280000 ,18.859909 ,-13.028272,7.373773  ,7.593477  ,0.135107  ,-0.028030 ,34.420000 
12.300000 ,19.006978 ,-13.041717,7.394170  ,7.489892  ,0.140849  ,-0.033550 ,34.510000 
12.300000 ,19.006978 ,-13.041717,7.394170  ,7.489892  ,0.140849  ,0.057709  ,34.510000 
12.320000 ,19.154282 ,-13.055768,7.403057  ,7.339985  ,0.145477  ,-0.036024 ,34.600000 
12.320000 ,19.154282 ,-13.055768,7.403057  ,7.339985  ,0.145477  ,-0.003154 ,34.600000 
12.340000 ,19.301365 ,-13.070633,7.381346  ,7.157972  ,0.148586  ,-0.018338 ,34.680000 
12.340000 ,19.301365 ,-13.070633,7.381346  ,7.157972  ,0.148586  ,-0.025069 ,34.680000 
12.360000 ,19.447366 ,-13.086094,7.304455  ,7.152111  ,0.148779  ,0.021856  ,34.680000 
12.360000 ,19.447366 ,-13.086094,7.304455  ,7.152111  ,0.148779  ,-0.029110 ,34.680000 
12.380000 ,19.591978 ,-13.102481,7.252015  ,7.046504  ,0.147606  ,0.030221  ,34.770000 
12.380000 ,19.591978 ,-13.102481,7.252015  ,7.046504  ,0.147606  ,-0.029855 ,34.770000 
12.400000 ,19.735269 ,-13.119478,7.181273  ,6.904533  ,0.144666  ,0.035773  ,34.850000 
12.400000 ,19.735269 ,-13.119478,7.181273  ,6.904533  ,0.144666  ,-0.015712 ,34.850000 
12.420000 ,19.876848 ,-13.136700,7.086013  ,6.725934  ,0.140281  ,-0.042164 ,34.940000 
12.420000 ,19.876848 ,-13.136700,7.086013  ,6.725934  ,0.140281  ,0.015473  ,34.940000 
12.440000 ,20.016202 ,-13.153930,6.962065  ,6.746244  ,0.132884  ,-0.000772 ,34.940000 
12.440000 ,20.016202 ,-13.153930,6.962065  ,6.746244  ,0.132884  ,0.075294  ,34.940000 
12.460000 ,20.153573 ,-13.171256,6.887774  ,6.640927  ,0.125295  ,-0.002581 ,35.030000 
12.460000 ,20.153573 ,-13.171256,6.887774  ,6.640927  ,0.125295  ,-0.008594 ,35.030000 
12.480000 ,20.289270 ,-13.189067,6.802803  ,6.435153  ,0.116143  ,-0.009889 ,35.110000 
12.480000 ,20.289270 ,-13.189067,6.802803  ,6.435153  ,0.116143  ,0.032031  ,35.110000 
12.500000 ,20.422840 ,-13.206664,6.676249  ,6.443515  ,0.104752  ,0.053159  ,35.110000 
12.500000 ,20.422840 ,-13.206664,6.676249  ,6.443515  ,0.104752  ,0.036222  ,35.110000 
12.520000 ,20.554418 ,-13.223746,6.596137  ,6.335379  ,0.093758  ,-0.065613 ,35.200000 
12.520000 ,20.554418 ,-13.223746,6.596137  ,6.335379  ,0.093758  ,0.020513  ,35.200000 
12.540000 ,20.684363 ,-13.240162,6.506378  ,6.138203  ,0.082613  ,0.013695  ,35.280000 
12.540000 ,20.684363 ,-13.240162,6.506378  ,6.138203  ,0.082613  ,-0.021571 ,35.280000 
12.560000 ,20.812259 ,-13.255338,6.379643  ,6.157420  ,0.070825  ,-0.010585 ,35.280000 
12.560000 ,20.812259 ,-13.255338,6.379643  ,6.157420  ,0.070825  ,-0.088516 ,35.280000 
12.580000 ,20.938276 ,-13.269295,6.303149  ,6.030888  ,0.060294  ,0.018377  ,35.370000 
12.580000 ,20.938276 ,-13.269295,6.303149  ,6.030888  ,0.060294  ,-0.036109 ,35.370000 
12.600000 ,21.062710 ,-13.281953,6.209430  ,5.822938  ,0.050482  ,0.009461  ,35.460000 
12.600000 ,21.062710 ,-13.281953,6.209430  ,5.822938  ,0.050482  ,-0.009337 ,35.460000 
12.620000 ,21.184986 ,-13.293150,6.076390  ,5.872301  ,0.040833  ,-0.000530 ,35.460000 
12.620000 ,21.184986 ,-13.293150,6.076390  ,5.872301  ,0.040833  ,-0.070157 ,35.460000 
12.640000 ,21.305399 ,-13.302647,6.006138  ,5.724234  ,0.033038  ,0.015157  ,35.540000 
12.640000 ,21.305399 ,-13.302647,6.006138  ,5.724234  ,0.033038  ,-0.052854 ,35.540000 
12.660000 ,21.424253 ,-13.310309,5.909100  ,5.704147  ,0.026390  ,0.048360  ,35.540000 
12.660000 ,21.424253 ,-13.310309,5.909100  ,5.704147  ,0.026390  ,0.020537  ,35.540000 
12.680000 ,21.541538 ,-13.316308,5.838550  ,5.596291  ,0.021405  ,-0.019072 ,35.630000 
12.680000 ,21.541538 ,-13.316308,5.838550  ,5.596291  ,0.021405  ,-0.060178 ,35.630000 
12.700000 ,21.657352 ,-13.320573,5.755159  ,5.394112  ,0.017872  ,-0.030340 ,35.710000 
12.700000 ,21.657352 ,-13.320573,5.755159  ,5.394112  ,0.017872  ,-0.015858 ,35.710000 
12.720000 ,21.771122 ,-13.322869,5.630878  ,5.449316  ,0.016356  ,0.004385  ,35.710000 
12.720000 ,21.771122 ,-13.322869,5.630878  ,5.449316  ,0.016356  ,-0.039222 ,35.710000 
12.740000 ,21.883078 ,-13.323708,5.568380  ,5.275805  ,0.016125  ,0.008947  ,35.800000 
12.740000 ,21.883078 ,-13.323708,5.568380  ,5.275805  ,0.016125  ,0.006111  ,35.800000 
12.760000 ,21.993386 ,-13.323601,5.467669  ,5.298175  ,0.017261  ,-0.055047 ,35.800000 
12.760000 ,21.993386 ,-13.323601,5.467669  ,5.298175  ,0.017261  ,-0.002316 ,35.800000 
12.780000 ,22.102121 ,-13.322674,5.409325  ,5.162966  ,0.019011  ,0.033992  ,35.890000 
12.780000 ,22.102121 ,-13.322674,5.409325  ,5.162966  ,0.019011  ,0.024629  ,35.890000 
12.800000 ,22.209406 ,-13.321349,5.324522  ,5.155891  ,0.021782  ,-0.047482 ,35.890000 
12.800000 ,22.209406 ,-13.321349,5.324522  ,5.155891  ,0.021782  ,0.072120  ,35.890000 
12.820000 ,22.315281 ,-13.320317,5.266475  ,5.047673  ,0.024088  ,0.034387  ,35.970000 
12.820000 ,22.315281 ,-13.320317,5.266475  ,5.047673  ,0.024088  ,-0.026768 ,35.970000 
12.840000 ,22.419815 ,-13.319635,5.191158  ,5.023892  ,0.026666  ,-0.003552 ,35.970000 
12.840000 ,22.419815 ,-13.319635,5.191158  ,5.023892  ,0.026666  ,0.001148  ,35.970000 
12.860000 ,22.523032 ,-13.319473,5.133581  ,4.929827  ,0.028617  ,-0.058185 ,36.060000 
12.860000 ,22.523032 ,-13.319473,5.133581  ,4.929827  ,0.028617  ,-0.019667 ,36.060000 
12.880000 ,22.624966 ,-13.319581,5.063444  ,4.900910  ,0.030689  ,0.037424  ,36.060000 
12.880000 ,22.624966 ,-13.319581,5.063444  ,4.900910  ,0.030689  ,-0.019373 ,36.060000 
12.900000 ,22.725644 ,-13.320082,5.007496  ,4.822451  ,0.032397  ,-0.043370 ,36.140000 
12.900000 ,22.725644 ,-13.320082,5.007496  ,4.822451  ,0.032397  ,0.025005  ,36.140000 
12.920000 ,22.825118 ,-13.321111,4.943799  ,4.791459  ,0.033251  ,0.013236  ,36.140000 
12.920000 ,22.825118 ,-13.321111,4.943799  ,4.791459  ,0.033251  ,0.005964  ,36.140000 
12.940000 ,22.923436 ,-13.322240,4.891360  ,4.708975  ,0.034228  ,-0.012402 ,36.230000 
12.940000 ,22.923436 ,-13.322240,4.891360  ,4.708975  ,0.034228  ,0.020298  ,36.230000 
12.960000 ,23.020600 ,-13.322795,4.828579  ,4.689061  ,0.034546  ,-0.000202 ,36.230000 
12.960000 ,23.020600 ,-13.322795,4.828579  ,4.689061  ,0.034546  ,0.037448  ,36.230000 
12.980000 ,23.116664 ,-13.322252,4.780553  ,4.607095  ,0.036516  ,0.032397  ,36.320000 
12.980000 ,23.116664 ,-13.322252,4.780553  ,4.607095  ,0.036516  ,0.010383  ,36.320000 
13.000000 ,23.211632 ,-13.320611,4.720845  ,4.594092  ,0.037267  ,-0.052741 ,36.320000 
13.000000 ,23.211632 ,-13.320611,4.720845  ,4.594092  ,0.037267  ,-0.025748 ,36.320000 
13.020000 ,23.305522 ,-13.317119,4.677213  ,4.521207  ,0.040974  ,-0.055150 ,36.400000 
13.020000 ,23.305522 ,-13.317119,4.677213  ,4.521207  ,0.040974  ,0.018398  ,36.400000 
13.040000 ,23.398329 ,-13.311484,4.623512  ,4.515311  ,0.043250  ,-0.027682 ,36.400000 
13.040000 ,23.398329 ,-13.311484,4.623512  ,4.515311  ,0.043250  ,-0.008500 ,36.400000 
13.060000 ,23.490081 ,-13.303779,4.586267  ,4.432586  ,0.049557  ,-0.053076 ,36.490000 
13.060000 ,23.490081 ,-13.303779,4.586267  ,4.432586  ,0.049557  ,-0.019125 ,36.490000 
13.080000 ,23.580710 ,-13.293892,4.533366  ,4.437630  ,0.052962  ,0.010614  ,36.490000 
13.080000 ,23.580710 ,-13.293892,4.533366  ,4.437630  ,0.052962  ,-0.069504 ,36.490000 
13.100000 ,23.670211 ,-13.281770,4.500411  ,4.350351  ,0.061762  ,0.000433  ,36.570000 
13.100000 ,23.670211 ,-13.281770,4.500411  ,4.350351  ,0.061762  ,0.048831  ,36.570000 
13.120000 ,23.758534 ,-13.267540,4.448757  ,4.364763  ,0.065794  ,-0.045020 ,36.570000 
13.120000 ,23.758534 ,-13.267540,4.448757  ,4.364763  ,0.065794  ,-0.039599 ,36.570000 
13.140000 ,23.845634 ,-13.250942,4.419844  ,4.292319  ,0.076957  ,0.038384  ,36.660000 
13.140000 ,23.845634 ,-13.250942,4.419844  ,4.292319  ,0.076957  ,-0.013433 ,36.660000 
13.160000 ,23.931601 ,-13.232451,4.375947  ,4.302092  ,0.080987  ,-0.053270 ,36.660000 
13.160000 ,23.931601 ,-13.232451,4.375947  ,4.302092  ,0.080987  ,-0.068655 ,36.660000 
13.180000 ,24.016542 ,-13.212508,4.350524  ,4.288960  ,0.086619  ,0.009020  ,36.660000 
13.180000 ,24.016542 ,-13.212508,4.350524  ,4.288960  ,0.086619  ,-0.036386 ,36.660000 
13.200000 ,24.100609 ,-13.190957,4.329332  ,4.246651  ,0.095411  ,0.031547  ,36.750000 
13.200000 ,24.100609 ,-13.190957,4.329332  ,4.246651  ,0.095411  ,0.014730  ,36.750000 
13.220000 ,24.183841 ,-13.168204,4.300871  ,4.234515  ,0.098996  ,0.036119  ,36.750000 
13.220000 ,24.183841 ,-13.168204,4.300871  ,4.234515  ,0.098996  ,-0.023794 ,36.750000 
13.240000 ,24.266137 ,-13.144021,4.278030  ,4.189102  ,0.107259  ,-0.017186 ,36.830000 
13.240000 ,24.266137 ,-13.144021,4.278030  ,4.189102  ,0.107259  ,0.010409  ,36.830000 
13.260000 ,24.347370 ,-13.118201,4.247419  ,4.187448  ,0.108604  ,0.008900  ,36.830000 
13.260000 ,24.347370 ,-13.118201,4.247419  ,4.187448  ,0.108604  ,0.000024  ,36.830000 
13.280000 ,24.427574 ,-13.090882,4.226776  ,4.153936  ,0.116727  ,0.056994  ,36.920000 
13.280000 ,24.427574 ,-13.090882,4.226776  ,4.153936  ,0.116727  ,-0.007392 ,36.920000 
13.300000 ,24.506932 ,-13.062528,4.201702  ,4.152409  ,0.114807  ,-0.021503 ,36.920000 
13.300000 ,24.506932 ,-13.062528,4.201702  ,4.152409  ,0.114807  ,0.019058  ,36.920000 
13.320000 ,24.585603 ,-13.033501,4.184735  ,4.114677  ,0.121125  ,0.015820  ,37.010000 
13.320000 ,24.585603 ,-13.033501,4.184735  ,4.114677  ,0.121125  ,-0.042170 ,37.010000 
13.340000 ,24.663514 ,-13.003633,4.160619  ,4.123385  ,0.114427  ,-0.035534 ,37.010000 
13.340000 ,24.663514 ,-13.003633,4.160619  ,4.123385  ,0.114427  ,0.014949  ,37.010000 
13.360000 ,24.740811 ,-12.973186,4.147802  ,4.111089  ,0.108516  ,0.021183  ,37.010000 
13.360000 ,24.740811 ,-12.973186,4.147802  ,4.111089  ,0.108516  ,-0.009410 ,37.010000 
13.380000 ,24.817461 ,-12.941813,4.135165  ,4.094815  ,0.106604  ,-0.017413 ,37.090000 
13.380000 ,24.817461 ,-12.941813,4.135165  ,4.094815  ,0.106604  ,-0.022820 ,37.090000 
13.400000 ,24.893253 ,-12.909087,4.121275  ,4.096608  ,0.096319  ,-0.020319 ,37.090000 
13.400000 ,24.893253 ,-12.909087,4.121275  ,4.096608  ,0.096319  ,0.020783  ,37.090000 
13.420000 ,24.968150 ,-12.874889,4.112784  ,4.074704  ,0.093283  ,-0.079540 ,37.180000 
13.420000 ,24.968150 ,-12.874889,4.112784  ,4.074704  ,0.093283  ,-0.062692 ,37.180000 
13.440000 ,25.041917 ,-12.838818,4.099676  ,4.074689  ,0.079490  ,0.085757  ,37.180000 
13.440000 ,25.041917 ,-12.838818,4.099676  ,4.074689  ,0.079490  ,-0.000933 ,37.180000 
13.460000 ,25.114192 ,-12.800301,4.091075  ,4.068352  ,0.077207  ,-0.025994 ,37.260000 
13.460000 ,25.114192 ,-12.800301,4.091075  ,4.068352  ,0.077207  ,0.025628  ,37.260000 
13.480000 ,25.184565 ,-12.758736,4.083253  ,4.062803  ,0.062222  ,-0.004064 ,37.260000 
13.480000 ,25.184565 ,-12.758736,4.083253  ,4.062803  ,0.062222  ,0.013581  ,37.260000 
13.500000 ,25.252492 ,-12.713556,4.076214  ,4.063207  ,0.051569  ,-0.064344 ,37.260000 
13.500000 ,25.252492 ,-12.713556,4.076214  ,4.063207  ,0.051569  ,-0.007425 ,37.260000 
13.520000 ,25.317552 ,-12.664530,4.071737  ,4.052103  ,0.049853  ,0.061192  ,37.350000 
13.520000 ,25.317552 ,-12.664530,4.071737  ,4.052103  ,0.049853  ,0.062268  ,37.350000 
13.540000 ,25.379434 ,-12.611721,4.064978  ,4.049267  ,0.041089  ,0.018285  ,37.350000 
13.540000 ,25.379434 ,-12.611721,4.064978  ,4.049267  ,0.041089  ,-0.019084 ,37.350000 
13.560000 ,25.437924 ,-12.555356,4.059570  ,4.053612  ,0.044745  ,-0.020173 ,37.440000 
13.560000 ,25.437924 ,-12.555356,4.059570  ,4.053612  ,0.044745  ,0.055596  ,37.440000 
13.580000 ,25.492485 ,-12.495280,4.057519  ,4.045294  ,0.038368  ,0.023015  ,37.440000 
13.580000 ,25.492485 ,-12.495280,4.057519  ,4.045294  ,0.038368  ,0.031259  ,37.440000 
13.600000 ,25.543042 ,-12.431876,4.053311  ,4.047850  ,0.037194  ,0.016671  ,37.440000 
13.600000 ,25.543042 ,-12.431876,4.053311  ,4.047850  ,0.037194  ,0.029126  ,37.440000 
13.620000 ,25.589425 ,-12.365430,4.051431  ,4.042608  ,0.044207  ,0.020179  ,37.520000 
13.620000 ,25.589425 ,-12.365430,4.051431  ,4.042608  ,0.044207  ,0.023830  ,37.520000 
13.640000 ,25.631763 ,-12.296392,4.048394  ,4.039820  ,0.045109  ,0.031015  ,37.520000 
13.640000 ,25.631763 ,-12.296392,4.048394  ,4.039820  ,0.045109  ,-0.039912 ,37.520000 
13.660000 ,25.670415 ,-12.225290,4.045443  ,4.049419  ,0.056392  ,0.024272  ,37.610000 
13.660000 ,25.670415 ,-12.225290,4.045443  ,4.049419  ,0.056392  ,-0.034580 ,37.610000 
13.680000 ,25.705876 ,-12.152568,4.045812  ,4.040166  ,0.057309  ,0.019906  ,37.610000 
13.680000 ,25.705876 ,-12.152568,4.045812  ,4.040166  ,0.057309  ,0.000492  ,37.610000 
13.700000 ,25.738560 ,-12.078574,4.043869  ,4.049190  ,0.070348  ,0.000024  ,37.690000 
13.700000 ,25.738560 ,-12.078574,4.043869  ,4.049190  ,0.070348  ,-0.007715 ,37.690000 
13.720000 ,25.768445 ,-12.003420,4.044363  ,4.041084  ,0.069651  ,0.012571  ,37.690000 
13.720000 ,25.768445 ,-12.003420,4.044363  ,4.041084  ,0.069651  ,-0.025587 ,37.690000 
13.740000 ,25.795943 ,-11.927366,4.043234  ,4.038579  ,0.071504  ,-0.099644 ,37.690000 
13.740000 ,25.795943 ,-11.927366,4.043234  ,4.038579  ,0.071504  ,0.075688  ,37.690000 
13.760000 ,25.821067 ,-11.850524,4.041632  ,4.042270  ,0.080238  ,0.004102  ,37.780000 
13.760000 ,25.821067 ,-11.850524,4.041632  ,4.042270  ,0.080238  ,0.009194  ,37.780000 
13.780000 ,25.844411 ,-11.773136,4.041691  ,4.039562  ,0.079040  ,-0.009164 ,37.780000 
13.780000 ,25.844411 ,-11.773136,4.041691  ,4.039562  ,0.079040  ,0.026253  ,37.780000 
13.800000 ,25.866502 ,-11.695388,4.040958  ,4.056663  ,0.085777  ,-0.008446 ,37.870000 
13.800000 ,25.866502 ,-11.695388,4.040958  ,4.056663  ,0.085777  ,-0.014580 ,37.870000 
13.820000 ,25.887307 ,-11.617278,4.042416  ,4.041412  ,0.080453  ,0.005947  ,37.870000 
13.820000 ,25.887307 ,-11.617278,4.042416  ,4.041412  ,0.080453  ,-0.000534 ,37.870000 
13.840000 ,25.907203 ,-11.538920,4.042070  ,4.051664  ,0.076068  ,-0.053410 ,37.870000 
13.840000 ,25.907203 ,-11.538920,4.042070  ,4.051664  ,0.076068  ,-0.004611 ,37.870000 
13.860000 ,25.925943 ,-11.460273,4.042961  ,4.046128  ,0.075058  ,0.048131  ,37.950000 
13.860000 ,25.925943 ,-11.460273,4.042961  ,4.046128  ,0.075058  ,0.010888  ,37.950000 
13.880000 ,25.943095 ,-11.381253,4.043255  ,4.044365  ,0.067543  ,0.043347  ,37.950000 
13.880000 ,25.943095 ,-11.381253,4.043255  ,4.044365  ,0.067543  ,-0.042205 ,37.950000 
13.900000 ,25.958160 ,-11.301805,4.043358  ,4.056911  ,0.066050  ,0.010986  ,38.040000 
13.900000 ,25.958160 ,-11.301805,4.043358  ,4.056911  ,0.066050  ,0.017703  ,38.040000 
13.920000 ,25.970723 ,-11.221910,4.044616  ,4.051858  ,0.058117  ,-0.016490 ,38.040000 
13.920000 ,25.970723 ,-11.221910,4.044616  ,4.051858  ,0.058117  ,0.014205  ,38.040000 
13.940000 ,25.980473 ,-11.141606,4.045289  ,4.087547  ,0.059072  ,-0.016639 ,38.120000 
13.940000 ,25.980473 ,-11.141606,4.045289  ,4.087547  ,0.059072  ,-0.007194 ,38.120000 
13.960000 ,25.986864 ,-11.060919,4.049212  ,4.065297  ,0.052229  ,-0.030833 ,38.120000 
13.960000 ,25.986864 ,-11.060919,4.049212  ,4.065297  ,0.052229  ,-0.042742 ,38.120000 
13.980000 ,25.989878 ,-10.979983,4.050705  ,4.073973  ,0.048761  ,-0.059195 ,38.120000 
13.980000 ,25.989878 ,-10.979983,4.050705  ,4.073973  ,0.048761  ,-0.049236 ,38.120000 
14.000000 ,25.989068 ,-10.898958,4.052865  ,4.089205  ,0.052642  ,-0.087696 ,38.210000 
14.000000 ,25.989068 ,-10.898958,4.052865  ,4.089205  ,0.052642  ,-0.010065 ,38.210000 
14.020000 ,25.984635 ,-10.817994,4.056239  ,4.084942  ,0.050679  ,-0.009767 ,38.210000 
14.020000 ,25.984635 ,-10.817994,4.056239  ,4.084942  ,0.050679  ,-0.059098 ,38.210000 
14.040000 ,25.976982 ,-10.737209,4.058904  ,4.130015  ,0.058409  ,-0.077376 ,38.300000 
14.040000 ,25.976982 ,-10.737209,4.058904  ,4.130015  ,0.058409  ,-0.002558 ,38.300000 
14.060000 ,25.966572 ,-10.656637,4.065506  ,4.108853  ,0.055911  ,0.030512  ,38.300000 
14.060000 ,25.966572 ,-10.656637,4.065506  ,4.108853  ,0.055911  ,0.008517  ,38.300000 
14.080000 ,25.953771 ,-10.576303,4.069530  ,4.125741  ,0.055812  ,-0.085671 ,38.300000 
14.080000 ,25.953771 ,-10.576303,4.069530  ,4.125741  ,0.055812  ,0.028279  ,38.300000 
14.100000 ,25.938452 ,-10.496316,4.074749  ,4.148133  ,0.060928  ,-0.004240 ,38.380000 
14.100000 ,25.938452 ,-10.496316,4.074749  ,4.148133  ,0.060928  ,-0.024861 ,38.380000 
14.120000 ,25.920785 ,-10.416691,4.081562  ,4.158468  ,0.058954  ,0.058666  ,38.380000 
14.120000 ,25.920785 ,-10.416691,4.081562  ,4.158468  ,0.058954  ,0.040529  ,38.380000 
14.140000 ,25.901144 ,-10.337385,4.088701  ,4.205950  ,0.064502  ,-0.007188 ,38.470000 
14.140000 ,25.901144 ,-10.337385,4.088701  ,4.205950  ,0.064502  ,0.017758  ,38.470000 
14.160000 ,25.879273 ,-10.258479,4.099587  ,4.187412  ,0.059928  ,0.018834  ,38.470000 
14.160000 ,25.879273 ,-10.258479,4.099587  ,4.187412  ,0.059928  ,0.009593  ,38.470000 
14.180000 ,25.854754 ,-10.180158,4.107740  ,4.267008  ,0.066076  ,0.039272  ,38.550000 
14.180000 ,25.854754 ,-10.180158,4.107740  ,4.267008  ,0.066076  ,0.097537  ,38.550000 
14.200000 ,25.827314 ,-10.102567,4.122526  ,4.236539  ,0.060337  ,-0.009654 ,38.550000 
14.200000 ,25.827314 ,-10.102567,4.122526  ,4.236539  ,0.060337  ,-0.024763 ,38.550000 
14.220000 ,25.797149 ,-10.025722,4.133111  ,4.254782  ,0.057395  ,-0.010665 ,38.550000 
14.220000 ,25.797149 ,-10.025722,4.133111  ,4.254782  ,0.057395  ,0.022883  ,38.550000 
14.240000 ,25.764032 ,-9.949864 ,4.144407  ,4.312635  ,0.061218  ,-0.010793 ,38.640000 
14.240000 ,25.764032 ,-9.949864 ,4.144407  ,4.312635  ,0.061218  ,-0.069881 ,38.640000 
14.260000 ,25.728228 ,-9.874936 ,4.160025  ,4.314059  ,0.057256  ,0.098202  ,38.640000 
14.260000 ,25.728228 ,-9.874936 ,4.160025  ,4.314059  ,0.057256  ,0.038610  ,38.640000 
14.280000 ,25.689650 ,-9.801063 ,4.174326  ,4.391742  ,0.062387  ,0.019308  ,38.730000 
14.280000 ,25.689650 ,-9.801063 ,4.174326  ,4.391742  ,0.062387  ,-0.037682 ,38.730000 
14.300000 ,25.647776 ,-9.728610 ,4.194510  ,4.364732  ,0.057981  ,0.073165  ,38.730000 
14.300000 ,25.647776 ,-9.728610 ,4.194510  ,4.364732  ,0.057981  ,-0.077047 ,38.730000 
14.320000 ,25.602309 ,-9.657928 ,4.210314  ,4.396377  ,0.057553  ,0.018550  ,38.730000 
14.320000 ,25.602309 ,-9.657928 ,4.210314  ,4.396377  ,0.057553  ,0.040831  ,38.730000 
14.340000 ,25.553580 ,-9.589047 ,4.227587  ,4.435651  ,0.062144  ,0.057324  ,38.810000 
14.340000 ,25.553580 ,-9.589047 ,4.227587  ,4.435651  ,0.062144  ,-0.028466 ,38.810000 
14.360000 ,25.501692 ,-9.522050 ,4.246904  ,4.466396  ,0.062291  ,-0.016292 ,38.810000 
14.360000 ,25.501692 ,-9.522050 ,4.246904  ,4.466396  ,0.062291  ,0.043818  ,38.810000 
14.380000 ,25.446946 ,-9.456845 ,4.267281  ,4.539663  ,0.068971  ,0.028963  ,38.900000 
14.380000 ,25.446946 ,-9.456845 ,4.267281  ,4.539663  ,0.068971  ,0.054495  ,38.900000 
14.400000 ,25.389758 ,-9.393154 ,4.292569  ,4.541121  ,0.068805  ,-0.004380 ,38.900000 
14.400000 ,25.389758 ,-9.393154 ,4.292569  ,4.541121  ,0.068805  ,-0.000309 ,38.900000 
14.420000 ,25.330448 ,-9.330765 ,4.315644  ,4.646051  ,0.075591  ,-0.007849 ,38.980000 
14.420000 ,25.330448 ,-9.330765 ,4.315644  ,4.646051  ,0.075591  ,-0.055982 ,38.980000 
14.440000 ,25.268957 ,-9.269756 ,4.346319  ,4.622529  ,0.074414  ,-0.069490 ,38.980000 
14.440000 ,25.268957 ,-9.269756 ,4.346319  ,4.622529  ,0.074414  ,-0.035574 ,38.980000 
14.460000 ,25.205678 ,-9.209782 ,4.371962  ,4.754372  ,0.080369  ,0.001409  ,39.070000 
14.460000 ,25.205678 ,-9.209782 ,4.371962  ,4.754372  ,0.080369  ,0.013193  ,39.070000 
14.480000 ,25.140835 ,-9.150589 ,4.407465  ,4.702148  ,0.077572  ,-0.029516 ,39.070000 
14.480000 ,25.140835 ,-9.150589 ,4.407465  ,4.702148  ,0.077572  ,0.009858  ,39.070000 
14.500000 ,25.074699 ,-9.091894 ,4.434823  ,4.755594  ,0.075994  ,0.040767  ,39.070000 
14.500000 ,25.074699 ,-9.091894 ,4.434823  ,4.755594  ,0.075994  ,-0.037105 ,39.070000 
14.520000 ,25.007322 ,-9.033749 ,4.464603  ,4.815220  ,0.076472  ,-0.041480 ,39.160000 
14.520000 ,25.007322 ,-9.033749 ,4.464603  ,4.815220  ,0.076472  ,-0.012096 ,39.160000 
14.540000 ,24.938918 ,-8.975845 ,4.497154  ,4.845450  ,0.072608  ,-0.007549 ,39.160000 
14.540000 ,24.938918 ,-8.975845 ,4.497154  ,4.845450  ,0.072608  ,-0.057325 ,39.160000 
14.560000 ,24.869447 ,-8.918204 ,4.529489  ,4.942984  ,0.070807  ,0.023848  ,39.240000 
14.560000 ,24.869447 ,-8.918204 ,4.529489  ,4.942984  ,0.070807  ,0.011525  ,39.240000 
14.580000 ,24.799086 ,-8.860529 ,4.567878  ,4.956426  ,0.065098  ,-0.050206 ,39.240000 
14.580000 ,24.799086 ,-8.860529 ,4.567878  ,4.956426  ,0.065098  ,-0.079609 ,39.240000 
14.600000 ,24.727869 ,-8.802726 ,4.603950  ,5.073076  ,0.060908  ,-0.021343 ,39.330000 
14.600000 ,24.727869 ,-8.802726 ,4.603950  ,5.073076  ,0.060908  ,-0.023636 ,39.330000 
14.620000 ,24.655678 ,-8.744861 ,4.647503  ,5.068919  ,0.054034  ,-0.083408 ,39.330000 
14.620000 ,24.655678 ,-8.744861 ,4.647503  ,5.068919  ,0.054034  ,-0.043659 ,39.330000 
14.640000 ,24.582650 ,-8.686720 ,4.686627  ,5.212472  ,0.048074  ,-0.004896 ,39.410000 
14.640000 ,24.582650 ,-8.686720 ,4.686627  ,5.212472  ,0.048074  ,-0.007602 ,39.410000 
14.660000 ,24.508651 ,-8.628387 ,4.735446  ,5.191044  ,0.040846  ,0.056550  ,39.410000 
14.660000 ,24.508651 ,-8.628387 ,4.735446  ,5.191044  ,0.040846  ,-0.083164 ,39.410000 
14.680000 ,24.433790 ,-8.569677 ,4.777743  ,5.361453  ,0.034127  ,-0.077156 ,39.500000 
14.680000 ,24.433790 ,-8.569677 ,4.777743  ,5.361453  ,0.034127  ,-0.007315 ,39.500000 
14.700000 ,24.357802 ,-8.510840 ,4.831934  ,5.317011  ,0.027146  ,0.005380  ,39.500000 
14.700000 ,24.357802 ,-8.510840 ,4.831934  ,5.317011  ,0.027146  ,-0.041950 ,39.500000 
14.720000 ,24.280448 ,-8.452159 ,4.876968  ,5.513367  ,0.021316  ,-0.031071 ,39.590000 
14.720000 ,24.280448 ,-8.452159 ,4.876968  ,5.513367  ,0.021316  ,-0.029278 ,39.590000 
14.740000 ,24.201778 ,-8.393490 ,4.936051  ,5.462990  ,0.015639  ,-0.021754 ,39.590000 
14.740000 ,24.201778 ,-8.393490 ,4.936051  ,5.462990  ,0.015639  ,-0.023116 ,39.590000 
14.760000 ,24.121807 ,-8.334767 ,4.984971  ,5.674819  ,0.010947  ,0.011925  ,39.670000 
14.760000 ,24.121807 ,-8.334767 ,4.984971  ,5.674819  ,0.010947  ,0.003331  ,39.670000 
14.780000 ,24.040523 ,-8.275923 ,5.049016  ,5.616172  ,0.006193  ,-0.067676 ,39.670000 
14.780000 ,24.040523 ,-8.275923 ,5.049016  ,5.616172  ,0.006193  ,-0.006375 ,39.670000 
14.800000 ,23.957793 ,-8.217097 ,5.101670  ,5.839651  ,0.002632  ,0.039867  ,39.760000 
14.800000 ,23.957793 ,-8.217097 ,5.101670  ,5.839651  ,0.002632  ,0.050792  ,39.760000 
14.820000 ,23.873580 ,-8.158268 ,5.170184  ,5.797844  ,0.000990  ,-0.021477 ,39.760000 
14.820000 ,23.873580 ,-8.158268 ,5.170184  ,5.797844  ,0.000990  ,0.040167  ,39.760000 
14.840000 ,23.788024 ,-8.099150 ,5.228455  ,6.000522  ,0.003706  ,0.044639  ,39.850000 
14.840000 ,23.788024 ,-8.099150 ,5.228455  ,6.000522  ,0.003706  ,0.063374  ,39.850000 
14.860000 ,23.700990 ,-8.039889 ,5.300133  ,5.968020  ,0.006735  ,0.004856  ,39.850000 
14.860000 ,23.700990 ,-8.039889 ,5.300133  ,5.968020  ,0.006735  ,-0.047775 ,39.850000 
14.880000 ,23.612366 ,-7.980595 ,5.362139  ,6.169370  ,0.008538  ,0.100015  ,39.930000 
14.880000 ,23.612366 ,-7.980595 ,5.362139  ,6.169370  ,0.008538  ,-0.055772 ,39.930000 
14.900000 ,23.521950 ,-7.921527 ,5.437082  ,6.155567  ,0.010248  ,0.008907  ,39.930000 
14.900000 ,23.521950 ,-7.921527 ,5.437082  ,6.155567  ,0.010248  ,0.078231  ,39.930000 
14.920000 ,23.429783 ,-7.862558 ,5.503785  ,6.335338  ,0.010625  ,-0.010543 ,40.020000 
14.920000 ,23.429783 ,-7.862558 ,5.503785  ,6.335338  ,0.010625  ,0.070431  ,40.020000 
14.940000 ,23.335716 ,-7.803902 ,5.580986  ,6.353518  ,0.010783  ,-0.001511 ,40.020000 
14.940000 ,23.335716 ,-7.803902 ,5.580986  ,6.353518  ,0.010783  ,-0.002767 ,40.020000 
14.960000 ,23.239854 ,-7.745319 ,5.652707  ,6.485196  ,0.009761  ,0.005057  ,40.100000 
14.960000 ,23.239854 ,-7.745319 ,5.652707  ,6.485196  ,0.009761  ,0.005871  ,40.100000 
14.980000 ,23.142357 ,-7.686557 ,5.729994  ,6.546856  ,0.009014  ,0.030265  ,40.100000 
14.980000 ,23.142357 ,-7.686557 ,5.729994  ,6.546856  ,0.009014  ,-0.008303 ,40.100000 
15.000000 ,23.043205 ,-7.627579 ,5.805831  ,6.643730  ,0.000000  ,-0.018629 ,40.190000 
15.000000 ,23.043205 ,-7.627579 ,5.805831  ,6.643730  ,0.000000  ,0.006505  ,40.190000 
15.020000 ,22.942417 ,-7.568347 ,5.883621  ,6.877205  ,0.005845  ,-0.007822 ,40.280000 
15.020000 ,22.942417 ,-7.568347 ,5.883621  ,6.877205  ,0.005845  ,0.000910  ,40.280000 
15.040000 ,22.839802 ,-7.508870 ,5.975864  ,6.855185  ,0.004846  ,0.013954  ,40.280000 
15.040000 ,22.839802 ,-7.508870 ,5.975864  ,6.855185  ,0.004846  ,-0.049168 ,40.280000 
15.060000 ,22.735466 ,-7.448898 ,6.057499  ,7.004488  ,0.003095  ,-0.037775 ,40.360000 
15.060000 ,22.735466 ,-7.448898 ,6.057499  ,7.004488  ,0.003095  ,-0.036757 ,40.360000 
15.080000 ,22.629482 ,-7.388392 ,6.145417  ,7.048220  ,0.002217  ,-0.035008 ,40.360000 
15.080000 ,22.629482 ,-7.388392 ,6.145417  ,7.048220  ,0.002217  ,-0.018472 ,40.360000 
15.100000 ,22.521769 ,-7.327451 ,6.229232  ,7.149559  ,0.000000  ,-0.015524 ,40.450000 
15.100000 ,22.521769 ,-7.327451 ,6.229232  ,7.149559  ,0.000000  ,0.037596  ,40.450000 
15.120000 ,22.412530 ,-7.265772 ,6.314674  ,7.354589  ,0.000140  ,0.033171  ,40.530000 
15.120000 ,22.412530 ,-7.265772 ,6.314674  ,7.354589  ,0.000140  ,0.034659  ,40.530000 
15.140000 ,22.301685 ,-7.203232 ,6.411219  ,7.352190  ,0.000239  ,0.036838  ,40.530000 
15.140000 ,22.301685 ,-7.203232 ,6.411219  ,7.352190  ,0.000239  ,0.017007  ,40.530000 
15.160000 ,22.189179 ,-7.139897 ,6.498578  ,7.457083  ,0.000420  ,0.051109  ,40.620000 
15.160000 ,22.189179 ,-7.139897 ,6.498578  ,7.457083  ,0.000420  ,-0.062402 ,40.620000 
15.180000 ,22.074932 ,-7.076060 ,6.587564  ,7.649696  ,0.000654  ,0.061914  ,40.710000 
15.180000 ,22.074932 ,-7.076060 ,6.587564  ,7.649696  ,0.000654  ,-0.047020 ,40.710000 
15.200000 ,21.958759 ,-7.011824 ,6.686172  ,7.635215  ,0.001835  ,0.015877  ,40.710000 
15.200000 ,21.958759 ,-7.011824 ,6.686172  ,7.635215  ,0.001835  ,-0.035204 ,40.710000 
15.220000 ,21.840526 ,-6.947466 ,6.774280  ,7.750022  ,0.002053  ,0.031093  ,40.790000 
15.220000 ,21.840526 ,-6.947466 ,6.774280  ,7.750022  ,0.002053  ,-0.003373 ,40.790000 
15.240000 ,21.720224 ,-6.883177 ,6.864867  ,7.915501  ,0.001750  ,-0.017667 ,40.880000 
15.240000 ,21.720224 ,-6.883177 ,6.864867  ,7.915501  ,0.001750  ,0.083031  ,40.880000 
15.260000 ,21.597783 ,-6.818906 ,6.962407  ,7.910972  ,0.001885  ,-0.052610 ,40.880000 
15.260000 ,21.597783 ,-6.818906 ,6.962407  ,7.910972  ,0.001885  ,-0.001136 ,40.880000 
15.280000 ,21.473226 ,-6.754684 ,7.050470  ,7.988835  ,0.000000  ,-0.004596 ,40.960000 
15.280000 ,21.473226 ,-6.754684 ,7.050470  ,7.988835  ,0.000000  ,0.003877  ,40.960000 
15.300000 ,21.346812 ,-6.690242 ,7.137587  ,8.000000  ,0.000034  ,-0.023471 ,41.050000 
15.300000 ,21.346812 ,-6.690242 ,7.137587  ,8.000000  ,0.000034  ,-0.001708 ,41.050000 
15.320000 ,21.218694 ,-6.625467 ,7.217653  ,8.000000  ,0.000138  ,-0.026550 ,41.050000 
15.320000 ,21.218694 ,-6.625467 ,7.217653  ,8.000000  ,0.000138  ,-0.048141 ,41.050000 
15.340000 ,21.088937 ,-6.560553 ,7.290285  ,8.000000  ,0.000719  ,-0.004416 ,41.140000 
15.340000 ,21.088937 ,-6.560553 ,7.290285  ,8.000000  ,0.000719  ,-0.004338 ,41.140000 
15.360000 ,20.957826 ,-6.495254 ,7.356174  ,8.000000  ,0.000981  ,-0.003511 ,41.220000 
15.360000 ,20.957826 ,-6.495254 ,7.356174  ,8.000000  ,0.000981  ,0.061603  ,41.220000 
15.380000 ,20.825549 ,-6.429477 ,7.415947  ,8.000000  ,0.000738  ,-0.108278 ,41.310000 
15.380000 ,20.825549 ,-6.429477 ,7.415947  ,8.000000  ,0.000738  ,0.022461  ,41.310000 
15.400000 ,20.692188 ,-6.363323 ,7.470169  ,8.000000  ,0.000694  ,-0.022153 ,41.310000 
15.400000 ,20.692188 ,-6.363323 ,7.470169  ,8.000000  ,0.000694  ,0.037419  ,41.310000 
15.420000 ,20.557900 ,-6.296710 ,7.519358  ,8.000000  ,0.002288  ,0.018485  ,41.390000 
15.420000 ,20.557900 ,-6.296710 ,7.519358  ,8.000000  ,0.002288  ,-0.009627 ,41.390000 
15.440000 ,20.422912 ,-6.229402 ,7.563981  ,8.000000  ,0.004800  ,-0.016433 ,41.480000 
15.440000 ,20.422912 ,-6.229402 ,7.563981  ,8.000000  ,0.004800  ,0.002744  ,41.480000 
15.460000 ,20.287167 ,-6.161703 ,7.604460  ,8.000000  ,0.007941  ,-0.034878 ,41.570000 
15.460000 ,20.287167 ,-6.161703 ,7.604460  ,8.000000  ,0.007941  ,-0.013733 ,41.570000 
15.480000 ,20.150586 ,-6.093955 ,7.641182  ,8.000000  ,0.012031  ,-0.033706 ,41.570000 
15.480000 ,20.150586 ,-6.093955 ,7.641182  ,8.000000  ,0.012031  ,0.031105  ,41.570000 
15.500000 ,20.013367 ,-6.025916 ,7.674494  ,8.000000  ,0.016305  ,-0.008581 ,41.650000 
15.500000 ,20.013367 ,-6.025916 ,7.674494  ,8.000000  ,0.016305  ,0.072166  ,41.650000 
15.520000 ,19.875598 ,-5.957560 ,7.704714  ,8.000000  ,0.021230  ,0.003534  ,41.740000 
15.520000 ,19.875598 ,-5.957560 ,7.704714  ,8.000000  ,0.021230  ,0.003826  ,41.740000 
15.540000 ,19.737228 ,-5.889117 ,7.732128  ,8.000000  ,0.026581  ,0.002924  ,41.820000 
15.540000 ,19.737228 ,-5.889117 ,7.732128  ,8.000000  ,0.026581  ,0.042180  ,41.820000 
15.560000 ,19.598201 ,-5.820825 ,7.756997  ,8.000000  ,0.032676  ,-0.020252 ,41.820000 
15.560000 ,19.598201 ,-5.820825 ,7.756997  ,8.000000  ,0.032676  ,-0.081916 ,41.820000 
15.580000 ,19.458413 ,-5.753011 ,7.779557  ,8.000000  ,0.038305  ,-0.037904 ,41.910000 
15.580000 ,19.458413 ,-5.753011 ,7.779557  ,8.000000  ,0.038305  ,0.035006  ,41.910000 
15.600000 ,19.317849 ,-5.685821 ,7.800023  ,8.000000  ,0.043646  ,-0.032481 ,42.000000 
15.600000 ,19.317849 ,-5.685821 ,7.800023  ,8.000000  ,0.043646  ,-0.027651 ,42.000000 
15.620000 ,19.176643 ,-5.619070 ,7.818588  ,8.000000  ,0.048928  ,0.020848  ,42.080000 
15.620000 ,19.176643 ,-5.619070 ,7.818588  ,8.000000  ,0.048928  ,-0.005624 ,42.080000 
15.640000 ,19.034840 ,-5.552756 ,7.835431  ,8.000000  ,0.054175  ,0.006177  ,42.170000 
15.640000 ,19.034840 ,-5.552756 ,7.835431  ,8.000000  ,0.054175  ,0.022943  ,42.170000 
15.660000 ,18.892368 ,-5.487124 ,7.850709  ,8.000000  ,0.059817  ,-0.038070 ,42.170000 
15.660000 ,18.892368 ,-5.487124 ,7.850709  ,8.000000  ,0.059817  ,-0.002133 ,42.170000 
15.680000 ,18.749089 ,-5.422559 ,7.864569  ,8.000000  ,0.064345  ,-0.061338 ,42.250000 
15.680000 ,18.749089 ,-5.422559 ,7.864569  ,8.000000  ,0.064345  ,-0.044321 ,42.250000 
15.700000 ,18.605170 ,-5.358779 ,7.877142  ,8.000000  ,0.068527  ,-0.014383 ,42.340000 
15.700000 ,18.605170 ,-5.358779 ,7.877142  ,8.000000  ,0.068527  ,0.001387  ,42.340000 
15.720000 ,18.460695 ,-5.295667 ,7.888548  ,8.000000  ,0.072512  ,-0.014310 ,42.430000 
15.720000 ,18.460695 ,-5.295667 ,7.888548  ,8.000000  ,0.072512  ,-0.041650 ,42.430000 
15.740000 ,18.315781 ,-5.233022 ,7.898895  ,8.000000  ,0.076541  ,0.001204  ,42.510000 
15.740000 ,18.315781 ,-5.233022 ,7.898895  ,8.000000  ,0.076541  ,0.037783  ,42.510000 
15.760000 ,18.170324 ,-5.171141 ,7.908282  ,8.000000  ,0.081133  ,-0.084107 ,42.510000 
15.760000 ,18.170324 ,-5.171141 ,7.908282  ,8.000000  ,0.081133  ,0.048581  ,42.510000 
15.780000 ,18.024315 ,-5.110108 ,7.916797  ,8.000000  ,0.084859  ,0.014543  ,42.600000 
15.780000 ,18.024315 ,-5.110108 ,7.916797  ,8.000000  ,0.084859  ,-0.011042 ,42.600000 
15.800000 ,17.877864 ,-5.049717 ,7.924521  ,8.000000  ,0.088517  ,0.022267  ,42.690000 
15.800000 ,17.877864 ,-5.049717 ,7.924521  ,8.000000  ,0.088517  ,-0.034928 ,42.690000 
15.820000 ,17.731143 ,-4.989594 ,7.931529  ,8.000000  ,0.092535  ,-0.012602 ,42.770000 
15.820000 ,17.731143 ,-4.989594 ,7.931529  ,8.000000  ,0.092535  ,0.015996  ,42.770000 
15.840000 ,17.584036 ,-4.930069 ,7.937886  ,8.000000  ,0.097280  ,-0.046521 ,42.770000 
15.840000 ,17.584036 ,-4.930069 ,7.937886  ,8.000000  ,0.097280  ,-0.019963 ,42.770000 
15.860000 ,17.436431 ,-4.871456 ,7.943652  ,8.000000  ,0.101353  ,-0.001097 ,42.860000 
15.860000 ,17.436431 ,-4.871456 ,7.943652  ,8.000000  ,0.101353  ,0.013504  ,42.860000 
15.880000 ,17.288487 ,-4.813404 ,7.948883  ,8.000000  ,0.105564  ,0.021565  ,42.940000 
15.880000 ,17.288487 ,-4.813404 ,7.948883  ,8.000000  ,0.105564  ,-0.045091 ,42.940000 
15.900000 ,17.140197 ,-4.755967 ,7.953629  ,8.000000  ,0.109883  ,-0.078407 ,43.030000 
15.900000 ,17.140197 ,-4.755967 ,7.953629  ,8.000000  ,0.109883  ,-0.043369 ,43.030000 
15.920000 ,16.991356 ,-4.699716 ,7.957934  ,8.000000  ,0.113724  ,0.040472  ,43.120000 
15.920000 ,16.991356 ,-4.699716 ,7.957934  ,8.000000  ,0.113724  ,-0.010766 ,43.120000 
15.940000 ,16.841950 ,-4.644745 ,7.961839  ,8.000000  ,0.117913  ,0.010003  ,43.120000 
15.940000 ,16.841950 ,-4.644745 ,7.961839  ,8.000000  ,0.117913  ,0.038264  ,43.120000 
15.960000 ,16.692068 ,-4.590865 ,7.965382  ,7.997233  ,0.121277  ,0.024958  ,43.200000 
15.960000 ,16.692068 ,-4.590865 ,7.965382  ,7.997233  ,0.121277  ,-0.021247 ,43.200000 
15.980000 ,16.541592 ,-4.538472 ,7.968339  ,7.945684  ,0.123971  ,-0.000337 ,43.290000 
15.980000 ,16.541592 ,-4.538472 ,7.968339  ,7.945684  ,0.123971  ,0.010933  ,43.290000 
16.000000 ,16.390586 ,-4.487789 ,7.960541  ,7.851573  ,0.125831  ,0.038514  ,43.370000 
16.000000 ,16.390586 ,-4.487789 ,7.960541  ,7.851573  ,0.125831  ,-0.018611 ,43.370000 
16.020000 ,16.239412 ,-4.439123 ,7.923032  ,7.747633  ,0.126693  ,0.006963  ,43.460000 
16.020000 ,16.239412 ,-4.439123 ,7.923032  ,7.747633  ,0.126693  ,-0.021158 ,43.460000 
16.040000 ,16.088534 ,-4.392818 ,7.862655  ,7.746576  ,0.127532  ,0.008255  ,43.460000 
16.040000 ,16.088534 ,-4.392818 ,7.862655  ,7.746576  ,0.127532  ,-0.020411 ,43.460000 
16.060000 ,15.937930 ,-4.349063 ,7.822698  ,7.669939  ,0.126328  ,-0.054151 ,43.550000 
16.060000 ,15.937930 ,-4.349063 ,7.822698  ,7.669939  ,0.126328  ,0.060124  ,43.550000 
16.080000 ,15.787594 ,-4.307789 ,7.770115  ,7.589933  ,0.123866  ,-0.060991 ,43.630000 
16.080000 ,15.787594 ,-4.307789 ,7.770115  ,7.589933  ,0.123866  ,-0.024255 ,43.630000 
16.100000 ,15.637782 ,-4.269016 ,7.708092  ,7.477974  ,0.120192  ,-0.032530 ,43.720000 
16.100000 ,15.637782 ,-4.269016 ,7.708092  ,7.477974  ,0.120192  ,0.050822  ,43.720000 
16.120000 ,15.488914 ,-4.232306 ,7.628880  ,7.462341  ,0.116963  ,-0.012683 ,43.720000 
16.120000 ,15.488914 ,-4.232306 ,7.628880  ,7.462341  ,0.116963  ,-0.054120 ,43.720000 
16.140000 ,15.340940 ,-4.197670 ,7.571553  ,7.386854  ,0.112454  ,-0.031545 ,43.800000 
16.140000 ,15.340940 ,-4.197670 ,7.571553  ,7.386854  ,0.112454  ,-0.022847 ,43.800000 
16.160000 ,15.193729 ,-4.165145 ,7.507975  ,7.323994  ,0.107179  ,-0.024931 ,43.890000 
16.160000 ,15.193729 ,-4.165145 ,7.507975  ,7.323994  ,0.107179  ,0.033457  ,43.890000 
16.180000 ,15.047440 ,-4.134366 ,7.444645  ,7.206653  ,0.101505  ,0.035416  ,43.980000 
16.180000 ,15.047440 ,-4.134366 ,7.444645  ,7.206653  ,0.101505  ,-0.070792 ,43.980000 
16.200000 ,14.902324 ,-4.105137 ,7.362722  ,7.189951  ,0.096951  ,0.063991  ,43.980000 
16.200000 ,14.902324 ,-4.105137 ,7.362722  ,7.189951  ,0.096951  ,-0.031000 ,43.980000 
16.220000 ,14.758352 ,-4.077358 ,7.303250  ,7.113673  ,0.091684  ,0.000871  ,44.060000 
16.220000 ,14.758352 ,-4.077358 ,7.303250  ,7.113673  ,0.091684  ,-0.032634 ,44.060000 
16.240000 ,14.615345 ,-4.051208 ,7.237993  ,7.027627  ,0.086107  ,-0.032607 ,44.150000 
16.240000 ,14.615345 ,-4.051208 ,7.237993  ,7.027627  ,0.086107  ,0.004483  ,44.150000 
16.260000 ,14.473410 ,-4.026925 ,7.165580  ,6.901475  ,0.079969  ,0.022798  ,44.230000 
16.260000 ,14.473410 ,-4.026925 ,7.165580  ,6.901475  ,0.079969  ,-0.033689 ,44.230000 
16.280000 ,14.332915 ,-4.003997 ,7.074669  ,6.906139  ,0.075517  ,-0.004454 ,44.230000 
16.280000 ,14.332915 ,-4.003997 ,7.074669  ,6.906139  ,0.075517  ,-0.037469 ,44.230000 
16.300000 ,14.193699 ,-3.982389 ,7.016657  ,6.841858  ,0.070096  ,-0.035642 ,44.320000 
16.300000 ,14.193699 ,-3.982389 ,7.016657  ,6.841858  ,0.070096  ,0.013079  ,44.320000 
16.320000 ,14.055485 ,-3.962071 ,6.956487  ,6.714923  ,0.064590  ,-0.005933 ,44.410000 
16.320000 ,14.055485 ,-3.962071 ,6.956487  ,6.714923  ,0.064590  ,0.024654  ,44.410000 
16.340000 ,13.918567 ,-3.942898 ,6.873335  ,6.696522  ,0.060687  ,0.050190  ,44.410000 
16.340000 ,13.918567 ,-3.942898 ,6.873335  ,6.696522  ,0.060687  ,-0.040191 ,44.410000 
16.360000 ,13.782968 ,-3.924616 ,6.812472  ,6.637033  ,0.056382  ,-0.037165 ,44.490000 
16.360000 ,13.782968 ,-3.924616 ,6.812472  ,6.637033  ,0.056382  ,-0.005928 ,44.490000 
16.380000 ,13.648422 ,-3.907634 ,6.752081  ,6.524876  ,0.051889  ,0.001533  ,44.580000 
16.380000 ,13.648422 ,-3.907634 ,6.752081  ,6.524876  ,0.051889  ,-0.054864 ,44.580000 
16.400000 ,13.515078 ,-3.892347 ,6.673872  ,6.496673  ,0.048298  ,0.067686  ,44.580000 
16.400000 ,13.515078 ,-3.892347 ,6.673872  ,6.496673  ,0.048298  ,0.030307  ,44.580000 
16.420000 ,13.382969 ,-3.878474 ,6.612876  ,6.443359  ,0.043757  ,0.043438  ,44.660000 
16.420000 ,13.382969 ,-3.878474 ,6.612876  ,6.443359  ,0.043757  ,0.020115  ,44.660000 
16.440000 ,13.251913 ,-3.866063 ,6.554524  ,6.329842  ,0.038749  ,-0.060225 ,44.750000 
16.440000 ,13.251913 ,-3.866063 ,6.554524  ,6.329842  ,0.038749  ,-0.028895 ,44.750000 
16.460000 ,13.122067 ,-3.855489 ,6.477183  ,6.317720  ,0.034474  ,0.006041  ,44.750000 
16.460000 ,13.122067 ,-3.855489 ,6.477183  ,6.317720  ,0.034474  ,0.049315  ,44.750000 
16.480000 ,12.993393 ,-3.846834 ,6.422292  ,6.252305  ,0.028563  ,0.043135  ,44.840000 
16.480000 ,12.993393 ,-3.846834 ,6.422292  ,6.252305  ,0.028563  ,0.012730  ,44.840000 
16.500000 ,12.865760 ,-3.839757 ,6.363778  ,6.138498  ,0.021946  ,0.063449  ,44.920000 
16.500000 ,12.865760 ,-3.839757 ,6.363778  ,6.138498  ,0.021946  ,-0.012345 ,44.920000 
16.520000 ,12.739416 ,-3.834374 ,6.286232  ,6.138043  ,0.016289  ,-0.042627 ,44.920000 
16.520000 ,12.739416 ,-3.834374 ,6.286232  ,6.138043  ,0.016289  ,0.055351  ,44.920000 
16.540000 ,12.614277 ,-3.830933 ,6.235221  ,6.077527  ,0.008655  ,-0.025712 ,45.010000 
16.540000 ,12.614277 ,-3.830933 ,6.235221  ,6.077527  ,0.008655  ,-0.031886 ,45.010000 
16.560000 ,12.490152 ,-3.829705 ,6.180939  ,5.955166  ,0.000447  ,-0.004002 ,45.090000 
16.560000 ,12.490152 ,-3.829705 ,6.180939  ,5.955166  ,0.000447  ,0.039758  ,45.090000 
16.580000 ,12.367353 ,-3.830234 ,6.103223  ,5.975059  ,0.008480  ,-0.034627 ,45.090000 
16.580000 ,12.367353 ,-3.830234 ,6.103223  ,5.975059  ,0.008480  ,0.008164  ,45.090000 
16.600000 ,12.245768 ,-3.832101 ,6.059106  ,5.889634  ,0.018330  ,-0.014965 ,45.180000 
16.600000 ,12.245768 ,-3.832101 ,6.059106  ,5.889634  ,0.018330  ,-0.003189 ,45.180000 
16.620000 ,12.125236 ,-3.835059 ,6.000770  ,5.878778  ,0.027114  ,0.023194  ,45.180000 
16.620000 ,12.125236 ,-3.835059 ,6.000770  ,5.878778  ,0.027114  ,-0.028089 ,45.180000 
16.640000 ,12.005714 ,-3.838553 ,5.958777  ,5.819612  ,0.036432  ,0.045719  ,45.270000 
16.640000 ,12.005714 ,-3.838553 ,5.958777  ,5.819612  ,0.036432  ,0.042778  ,45.270000 
16.660000 ,11.887117 ,-3.842762 ,5.910873  ,5.732373  ,0.046023  ,-0.001210 ,45.350000 
16.660000 ,11.887117 ,-3.842762 ,5.910873  ,5.732373  ,0.046023  ,0.011885  ,45.350000 
16.680000 ,11.769643 ,-3.847518 ,5.849429  ,5.743302  ,0.053359  ,0.035336  ,45.350000 
16.680000 ,11.769643 ,-3.847518 ,5.849429  ,5.743302  ,0.053359  ,0.050998  ,45.350000 
16.700000 ,11.653147 ,-3.852544 ,5.812898  ,5.663124  ,0.061731  ,-0.034875 ,45.440000 
16.700000 ,11.653147 ,-3.852544 ,5.812898  ,5.663124  ,0.061731  ,-0.010111 ,45.440000 
16.720000 ,11.537563 ,-3.858036 ,5.761342  ,5.655882  ,0.067948  ,0.009788  ,45.440000 
16.720000 ,11.537563 ,-3.858036 ,5.761342  ,5.655882  ,0.067948  ,0.056083  ,45.440000 
16.740000 ,11.422862 ,-3.863782 ,5.725040  ,5.609893  ,0.074778  ,0.020223  ,45.520000 
16.740000 ,11.422862 ,-3.863782 ,5.725040  ,5.609893  ,0.074778  ,-0.009649 ,45.520000 
16.760000 ,11.308911 ,-3.869289 ,5.685404  ,5.583269  ,0.078791  ,0.023041  ,45.520000 
16.760000 ,11.308911 ,-3.869289 ,5.685404  ,5.583269  ,0.078791  ,-0.006890 ,45.520000 
16.780000 ,11.195713 ,-3.874922 ,5.650246  ,5.552875  ,0.082700  ,0.055528  ,45.610000 
16.780000 ,11.195713 ,-3.874922 ,5.650246  ,5.552875  ,0.082700  ,-0.003744 ,45.610000 
16.800000 ,11.083215 ,-3.880805 ,5.616729  ,5.492962  ,0.086545  ,0.001620  ,45.700000 
16.800000 ,11.083215 ,-3.880805 ,5.616729  ,5.492962  ,0.086545  ,0.027658  ,45.700000 
16.820000 ,10.971498 ,-3.886963 ,5.574125  ,5.491947  ,0.085477  ,0.008382  ,45.700000 
16.820000 ,10.971498 ,-3.886963 ,5.574125  ,5.491947  ,0.085477  ,0.030151  ,45.700000 
16.840000 ,10.860532 ,-3.893914 ,5.545838  ,5.445238  ,0.086828  ,0.047895  ,45.780000 
16.840000 ,10.860532 ,-3.893914 ,5.545838  ,5.445238  ,0.086828  ,0.016136  ,45.780000 
16.860000 ,10.750289 ,-3.902173 ,5.511209  ,5.438908  ,0.084425  ,0.014447  ,45.780000 
16.860000 ,10.750289 ,-3.902173 ,5.511209  ,5.438908  ,0.084425  ,-0.006776 ,45.780000 
16.880000 ,10.640742 ,-3.911709 ,5.486321  ,5.409707  ,0.084279  ,0.016415  ,45.870000 
16.880000 ,10.640742 ,-3.911709 ,5.486321  ,5.409707  ,0.084279  ,0.029346  ,45.870000 
16.900000 ,10.531881 ,-3.923022 ,5.459949  ,5.394466  ,0.081144  ,-0.007982 ,45.870000 
16.900000 ,10.531881 ,-3.923022 ,5.459949  ,5.394466  ,0.081144  ,0.051124  ,45.870000 
16.920000 ,10.423745 ,-3.936397 ,5.437408  ,5.377924  ,0.080329  ,0.019201  ,45.960000 
16.920000 ,10.423745 ,-3.936397 ,5.437408  ,5.377924  ,0.080329  ,-0.027362 ,45.960000 
16.940000 ,10.316354 ,-3.952080 ,5.416932  ,5.347180  ,0.081382  ,0.010785  ,46.040000 
16.940000 ,10.316354 ,-3.952080 ,5.416932  ,5.347180  ,0.081382  ,0.020207  ,46.040000 
16.960000 ,10.209780 ,-3.970081 ,5.392922  ,5.346253  ,0.076422  ,0.029501  ,46.040000 
16.960000 ,10.209780 ,-3.970081 ,5.392922  ,5.346253  ,0.076422  ,0.022567  ,46.040000 
16.980000 ,10.104148 ,-3.991010 ,5.376857  ,5.320472  ,0.077801  ,0.029370  ,46.130000 
16.980000 ,10.104148 ,-3.991010 ,5.376857  ,5.320472  ,0.077801  ,-0.041644 ,46.130000 
17.000000 ,9.999543  ,-4.015035 ,5.357448  ,5.320753  ,0.074354  ,-0.008722 ,46.130000 
17.000000 ,9.999543  ,-4.015035 ,5.357448  ,5.320753  ,0.074354  ,0.068432  ,46.130000 
17.020000 ,9.896027  ,-4.042163 ,5.344817  ,5.305703  ,0.076820  ,-0.015969 ,46.210000 
17.020000 ,9.896027  ,-4.042163 ,5.344817  ,5.305703  ,0.076820  ,0.067123  ,46.210000 
17.040000 ,9.793678  ,-4.072502 ,5.331353  ,5.302131  ,0.075050  ,0.013556  ,46.210000 
17.040000 ,9.793678  ,-4.072502 ,5.331353  ,5.302131  ,0.075050  ,0.040622  ,46.210000 
17.060000 ,9.692476  ,-4.105730 ,5.321294  ,5.295115  ,0.078287  ,0.001181  ,46.300000 
17.060000 ,9.692476  ,-4.105730 ,5.321294  ,5.295115  ,0.078287  ,-0.066254 ,46.300000 
17.080000 ,9.592425  ,-4.141721 ,5.312282  ,5.289697  ,0.077442  ,-0.025996 ,46.300000 
17.080000 ,9.592425  ,-4.141721 ,5.312282  ,5.289697  ,0.077442  ,-0.041293 ,46.300000 
17.100000 ,9.493569  ,-4.180420 ,5.304508  ,5.288285  ,0.080664  ,-0.033385 ,46.390000 
17.100000 ,9.493569  ,-4.180420 ,5.304508  ,5.288285  ,0.080664  ,0.017510  ,46.390000 
17.120000 ,9.395903  ,-4.221693 ,5.298924  ,5.282546  ,0.080297  ,0.018785  ,46.390000 
17.120000 ,9.395903  ,-4.221693 ,5.298924  ,5.282546  ,0.080297  ,-0.012500 ,46.390000 
17.140000 ,9.299317  ,-4.265161 ,5.293286  ,5.284431  ,0.082731  ,0.010263  ,46.470000 
17.140000 ,9.299317  ,-4.265161 ,5.293286  ,5.284431  ,0.082731  ,-0.018142 ,46.470000 
17.160000 ,9.203774  ,-4.310678 ,5.290238  ,5.286467  ,0.086688  ,0.008095  ,46.560000 
17.160000 ,9.203774  ,-4.310678 ,5.290238  ,5.286467  ,0.086688  ,-0.043930 ,46.560000 
17.180000 ,9.109313  ,-4.358307 ,5.288940  ,5.282723  ,0.082582  ,-0.078789 ,46.560000 
17.180000 ,9.109313  ,-4.358307 ,5.288940  ,5.282723  ,0.082582  ,-0.011186 ,46.560000 
17.200000 ,9.015992  ,-4.408055 ,5.286800  ,5.286002  ,0.085040  ,-0.011584 ,46.640000 
17.200000 ,9.015992  ,-4.408055 ,5.286800  ,5.286002  ,0.085040  ,-0.012151 ,46.640000 
17.220000 ,8.923972  ,-4.460125 ,5.286525  ,5.282156  ,0.080530  ,0.018734  ,46.640000 
17.220000 ,8.923972  ,-4.460125 ,5.286525  ,5.282156  ,0.080530  ,-0.049302 ,46.640000 
17.240000 ,8.833177  ,-4.514268 ,5.285021  ,5.285492  ,0.081805  ,-0.020313 ,46.730000 
17.240000 ,8.833177  ,-4.514268 ,5.285021  ,5.285492  ,0.081805  ,-0.039699 ,46.730000 
17.260000 ,8.743789  ,-4.570676 ,5.285065  ,5.281607  ,0.076905  ,-0.054400 ,46.730000 
17.260000 ,8.743789  ,-4.570676 ,5.285065  ,5.281607  ,0.076905  ,0.021008  ,46.730000 
17.280000 ,8.655903  ,-4.629375 ,5.283875  ,5.285867  ,0.077313  ,-0.035982 ,46.820000 
17.280000 ,8.655903  ,-4.629375 ,5.283875  ,5.285867  ,0.077313  ,-0.004801 ,46.820000 
17.300000 ,8.569609  ,-4.690374 ,5.284060  ,5.282001  ,0.072563  ,0.002225  ,46.820000 
17.300000 ,8.569609  ,-4.690374 ,5.284060  ,5.282001  ,0.072563  ,-0.027408 ,46.820000 
17.320000 ,8.484869  ,-4.753504 ,5.283351  ,5.288221  ,0.072219  ,-0.029136 ,46.900000 
17.320000 ,8.484869  ,-4.753504 ,5.283351  ,5.288221  ,0.072219  ,-0.032749 ,46.900000 
17.340000 ,8.401785  ,-4.818794 ,5.283803  ,5.285032  ,0.067497  ,-0.029578 ,46.900000 
17.340000 ,8.401785  ,-4.818794 ,5.283803  ,5.285032  ,0.067497  ,0.031173  ,46.900000 
17.360000 ,8.320579  ,-4.886415 ,5.283917  ,5.293522  ,0.066777  ,-0.024788 ,46.990000 
17.360000 ,8.320579  ,-4.886415 ,5.283917  ,5.293522  ,0.066777  ,0.012900  ,46.990000 
17.380000 ,8.241075  ,-4.956046 ,5.284809  ,5.292324  ,0.062228  ,-0.003113 ,46.990000 
17.380000 ,8.241075  ,-4.956046 ,5.284809  ,5.292324  ,0.062228  ,0.020502  ,46.990000 
17.400000 ,8.163325  ,-5.027652 ,5.285507  ,5.304986  ,0.060581  ,0.039386  ,47.070000 
17.400000 ,8.163325  ,-5.027652 ,5.285507  ,5.304986  ,0.060581  ,0.020984  ,47.070000 
17.420000 ,8.087456  ,-5.101285 ,5.287315  ,5.331046  ,0.061319  ,-0.007858 ,47.160000 
17.420000 ,8.087456  ,-5.101285 ,5.287315  ,5.331046  ,0.061319  ,-0.025825 ,47.160000 
17.440000 ,8.013490  ,-5.176911 ,5.291375  ,5.319386  ,0.052699  ,0.060643  ,47.160000 
17.440000 ,8.013490  ,-5.176911 ,5.291375  ,5.319386  ,0.052699  ,-0.015393 ,47.160000 
17.460000 ,7.941636  ,-5.254636 ,5.293976  ,5.354518  ,0.051740  ,-0.000792 ,47.250000 
17.460000 ,7.941636  ,-5.254636 ,5.293976  ,5.354518  ,0.051740  ,-0.010846 ,47.250000 
17.480000 ,7.872088  ,-5.334541 ,5.299596  ,5.343777  ,0.043096  ,-0.018259 ,47.250000 
17.480000 ,7.872088  ,-5.334541 ,5.299596  ,5.343777  ,0.043096  ,0.030868  ,47.250000 
17.500000 ,7.805219  ,-5.416824 ,5.303698  ,5.385255  ,0.041500  ,-0.068486 ,47.330000 
17.500000 ,7.805219  ,-5.416824 ,5.303698  ,5.385255  ,0.041500  ,-0.079432 ,47.330000 
17.520000 ,7.740842  ,-5.501220 ,5.311270  ,5.377118  ,0.034102  ,-0.017306 ,47.330000 
17.520000 ,7.740842  ,-5.501220 ,5.311270  ,5.377118  ,0.034102  ,0.025051  ,47.330000 
17.540000 ,7.678652  ,-5.587411 ,5.317383  ,5.424468  ,0.032048  ,-0.009383 ,47.420000 
17.540000 ,7.678652  ,-5.587411 ,5.317383  ,5.424468  ,0.032048  ,0.007024  ,47.420000 
17.560000 ,7.618733  ,-5.675389 ,5.327325  ,5.421390  ,0.025186  ,-0.062751 ,47.420000 
17.560000 ,7.618733  ,-5.675389 ,5.327325  ,5.421390  ,0.025186  ,0.027995  ,47.420000 
17.580000 ,7.561221  ,-5.765181 ,5.336058  ,5.473461  ,0.023105  ,0.023876  ,47.500000 
17.580000 ,7.561221  ,-5.765181 ,5.336058  ,5.473461  ,0.023105  ,0.033926  ,47.500000 
17.600000 ,7.505947  ,-5.856621 ,5.348814  ,5.477910  ,0.017087  ,0.011694  ,47.500000 
17.600000 ,7.505947  ,-5.856621 ,5.348814  ,5.477910  ,0.017087  ,0.000223  ,47.500000 
17.620000 ,7.452546  ,-5.949453 ,5.360799  ,5.533985  ,0.014397  ,0.039502  ,47.590000 
17.620000 ,7.452546  ,-5.949453 ,5.360799  ,5.533985  ,0.014397  ,-0.105880 ,47.590000 
17.640000 ,7.401261  ,-6.043790 ,5.376878  ,5.551183  ,0.008496  ,0.006206  ,47.590000 
17.640000 ,7.401261  ,-6.043790 ,5.376878  ,5.551183  ,0.008496  ,0.033380  ,47.590000 
17.660000 ,7.352148  ,-6.139638 ,5.393060  ,5.600579  ,0.000000  ,0.068697  ,47.680000 
17.660000 ,7.352148  ,-6.139638 ,5.393060  ,5.600579  ,0.000000  ,-0.003467 ,47.680000 
17.680000 ,7.305338  ,-6.237026 ,5.412326  ,5.749636  ,0.004426  ,-0.045186 ,47.760000 
17.680000 ,7.305338  ,-6.237026 ,5.412326  ,5.749636  ,0.004426  ,-0.001501 ,47.760000 
17.700000 ,7.260582  ,-6.335932 ,5.443641  ,5.697872  ,0.000000  ,0.002270  ,47.760000 
17.700000 ,7.260582  ,-6.335932 ,5.443641  ,5.697872  ,0.000000  ,0.036820  ,47.760000 
17.720000 ,7.218071  ,-6.436418 ,5.467244  ,5.851140  ,0.004047  ,0.003609  ,47.850000 
17.720000 ,7.218071  ,-6.436418 ,5.467244  ,5.851140  ,0.004047  ,-0.010821 ,47.850000 
17.740000 ,7.177629  ,-6.538395 ,5.502884  ,5.804999  ,0.010218  ,0.020208  ,47.850000 
17.740000 ,7.177629  ,-6.538395 ,5.502884  ,5.804999  ,0.010218  ,0.016768  ,47.850000 
17.760000 ,7.139130  ,-6.641801 ,5.530932  ,5.954364  ,0.011928  ,-0.020502 ,47.930000 
17.760000 ,7.139130  ,-6.641801 ,5.530932  ,5.954364  ,0.011928  ,0.050385  ,47.930000 
17.780000 ,7.102587  ,-6.746628 ,5.570243  ,5.943631  ,0.017331  ,-0.038755 ,47.930000 
17.780000 ,7.102587  ,-6.746628 ,5.570243  ,5.943631  ,0.017331  ,-0.075356 ,47.930000 
17.800000 ,7.067941  ,-6.852876 ,5.604908  ,6.073787  ,0.019248  ,0.036199  ,48.020000 
17.800000 ,7.067941  ,-6.852876 ,5.604908  ,6.073787  ,0.019248  ,-0.014863 ,48.020000 
17.820000 ,7.034658  ,-6.960380 ,5.648439  ,6.108913  ,0.024198  ,-0.008175 ,48.020000 
17.820000 ,7.034658  ,-6.960380 ,5.648439  ,6.108913  ,0.024198  ,0.042590  ,48.020000 
17.840000 ,7.002645  ,-7.069168 ,5.691188  ,6.218531  ,0.027182  ,-0.040317 ,48.110000 
17.840000 ,7.002645  ,-7.069168 ,5.691188  ,6.218531  ,0.027182  ,-0.014657 ,48.110000 
17.860000 ,6.972086  ,-7.179326 ,5.740146  ,6.279968  ,0.031759  ,-0.014874 ,48.110000 
17.860000 ,6.972086  ,-7.179326 ,5.740146  ,6.279968  ,0.031759  ,0.080917  ,48.110000 
17.880000 ,6.942474  ,-7.290769 ,5.790263  ,6.378032  ,0.035381  ,-0.049427 ,48.190000 
17.880000 ,6.942474  ,-7.290769 ,5.790263  ,6.378032  ,0.035381  ,0.044756  ,48.190000 
17.900000 ,6.913319  ,-7.403415 ,5.844831  ,6.611481  ,0.039329  ,0.007121  ,48.280000 
17.900000 ,6.913319  ,-7.403415 ,5.844831  ,6.611481  ,0.039329  ,-0.075993 ,48.280000 
17.920000 ,6.884587  ,-7.517468 ,5.916006  ,6.583957  ,0.045427  ,-0.043023 ,48.280000 
17.920000 ,6.884587  ,-7.517468 ,5.916006  ,6.583957  ,0.045427  ,0.033191  ,48.280000 
17.940000 ,6.855899  ,-7.632904 ,5.978018  ,6.787127  ,0.050892  ,-0.033133 ,48.360000 
17.940000 ,6.855899  ,-7.632904 ,5.978018  ,6.787127  ,0.050892  ,0.000761  ,48.360000 
17.960000 ,6.827258  ,-7.749767 ,6.053135  ,6.831950  ,0.057426  ,-0.049182 ,48.360000 
17.960000 ,6.827258  ,-7.749767 ,6.053135  ,6.831950  ,0.057426  ,0.021457  ,48.360000 
17.980000 ,6.798482  ,-7.868113 ,6.125439  ,6.959922  ,0.063831  ,0.016061  ,48.450000 
17.980000 ,6.798482  ,-7.868113 ,6.125439  ,6.959922  ,0.063831  ,-0.068089 ,48.450000 
18.000000 ,6.769232  ,-7.987886 ,6.202912  ,7.205402  ,0.071060  ,0.007679  ,48.540000 
18.000000 ,6.769232  ,-7.987886 ,6.202912  ,7.205402  ,0.071060  ,-0.016455 ,48.540000 
18.020000 ,6.739355  ,-8.109263 ,6.295982  ,7.194715  ,0.077640  ,-0.014729 ,48.540000 
18.020000 ,6.739355  ,-8.109263 ,6.295982  ,7.194715  ,0.077640  ,-0.031994 ,48.540000 
18.040000 ,6.708944  ,-8.232325 ,6.379419  ,7.337773  ,0.084670  ,0.019965  ,48.620000 
18.040000 ,6.708944  ,-8.232325 ,6.379419  ,7.337773  ,0.084670  ,-0.015613 ,48.620000 
18.060000 ,6.677965  ,-8.357024 ,6.468392  ,7.546299  ,0.091842  ,-0.032467 ,48.710000 
18.060000 ,6.677965  ,-8.357024 ,6.468392  ,7.546299  ,0.091842  ,0.058084  ,48.710000 
18.080000 ,6.646473  ,-8.483544 ,6.568464  ,7.519117  ,0.095032  ,-0.020821 ,48.710000 
18.080000 ,6.646473  ,-8.483544 ,6.568464  ,7.519117  ,0.095032  ,-0.012128 ,48.710000 
18.100000 ,6.614467  ,-8.611876 ,6.656721  ,7.641045  ,0.098943  ,0.023280  ,48.800000 
18.100000 ,6.614467  ,-8.611876 ,6.656721  ,7.641045  ,0.098943  ,-0.095661 ,48.800000 
18.120000 ,6.581684  ,-8.741865 ,6.748105  ,7.795192  ,0.101898  ,-0.014170 ,48.880000 
18.120000 ,6.581684  ,-8.741865 ,6.748105  ,7.795192  ,0.101898  ,-0.011040 ,48.880000 
18.140000 ,6.548114  ,-8.873601 ,6.845316  ,7.775864  ,0.098982  ,0.019561  ,48.880000 
18.140000 ,6.548114  ,-8.873601 ,6.845316  ,7.775864  ,0.098982  ,0.022457  ,48.880000 
18.160000 ,6.513930  ,-9.007074 ,6.931707  ,7.861729  ,0.096541  ,-0.030229 ,48.970000 
18.160000 ,6.513930  ,-9.007074 ,6.931707  ,7.861729  ,0.096541  ,0.017659  ,48.970000 
18.180000 ,6.478949  ,-9.142125 ,7.018049  ,7.978259  ,0.091861  ,0.008430  ,49.050000 
18.180000 ,6.478949  ,-9.142125 ,7.018049  ,7.978259  ,0.091861  ,0.010432  ,49.050000 
18.200000 ,6.442985  ,-9.278734 ,7.107194  ,7.986798  ,0.082135  ,-0.009649 ,49.050000 
18.200000 ,6.442985  ,-9.278734 ,7.107194  ,7.986798  ,0.082135  ,-0.027577 ,49.050000 
18.220000 ,6.405984  ,-9.416833 ,7.188856  ,8.000000  ,0.072604  ,0.044355  ,49.140000 
18.220000 ,6.405984  ,-9.416833 ,7.188856  ,8.000000  ,0.072604  ,0.007259  ,49.140000 
18.240000 ,6.367881  ,-9.556259 ,7.264161  ,8.000000  ,0.061584  ,0.008025  ,49.230000 
18.240000 ,6.367881  ,-9.556259 ,7.264161  ,8.000000  ,0.061584  ,-0.007345 ,49.230000 
18.260000 ,6.328634  ,-9.696859 ,7.332476  ,8.000000  ,0.049383  ,-0.054324 ,49.310000 
18.260000 ,6.328634  ,-9.696859 ,7.332476  ,8.000000  ,0.049383  ,0.040291  ,49.310000 
18.280000 ,6.288504  ,-9.838563 ,7.394448  ,8.000000  ,0.035195  ,0.015198  ,49.310000 
18.280000 ,6.288504  ,-9.838563 ,7.394448  ,8.000000  ,0.035195  ,-0.002898 ,49.310000 
18.300000 ,6.247118  ,-9.981135 ,7.450667  ,8.000000  ,0.021852  ,-0.047552 ,49.400000 
18.300000 ,6.247118  ,-9.981135 ,7.450667  ,8.000000  ,0.021852  ,0.017061  ,49.400000 
18.320000 ,6.204103  ,-10.124343,7.501667  ,8.000000  ,0.009071  ,0.015200  ,49.480000 
18.320000 ,6.204103  ,-10.124343,7.501667  ,8.000000  ,0.009071  ,0.043735  ,49.480000 
18.340000 ,6.159556  ,-10.268100,7.547931  ,8.000000  ,0.002925  ,0.013756  ,49.570000 
18.340000 ,6.159556  ,-10.268100,7.547931  ,8.000000  ,0.002925  ,-0.018032 ,49.570000 
18.360000 ,6.113177  ,-10.412204,7.589901  ,8.000000  ,0.013740  ,-0.084344 ,49.570000 
18.360000 ,6.113177  ,-10.412204,7.589901  ,8.000000  ,0.013740  ,-0.028962 ,49.570000 
18.380000 ,6.065170  ,-10.556616,7.627974  ,8.000000  ,0.023167  ,0.030646  ,49.660000 
18.380000 ,6.065170  ,-10.556616,7.627974  ,8.000000  ,0.023167  ,-0.042041 ,49.660000 
18.400000 ,6.015409  ,-10.701201,7.662513  ,8.000000  ,0.031148  ,-0.034892 ,49.740000 
18.400000 ,6.015409  ,-10.701201,7.662513  ,8.000000  ,0.031148  ,-0.039027 ,49.740000 
18.420000 ,5.963469  ,-10.845717,7.693845  ,8.000000  ,0.037205  ,-0.056596 ,49.830000 
18.420000 ,5.963469  ,-10.845717,7.693845  ,8.000000  ,0.037205  ,0.069845  ,49.830000 
18.440000 ,5.909470  ,-10.990113,7.722268  ,8.000000  ,0.042437  ,0.029508  ,49.830000 
18.440000 ,5.909470  ,-10.990113,7.722268  ,8.000000  ,0.042437  ,0.053653  ,49.830000 
18.460000 ,5.853315  ,-11.134267,7.748052  ,8.000000  ,0.045709  ,0.016108  ,49.910000 
18.460000 ,5.853315  ,-11.134267,7.748052  ,8.000000  ,0.045709  ,0.004659  ,49.910000 
18.480000 ,5.794721  ,-11.277977,7.771443  ,8.000000  ,0.047229  ,0.011356  ,50.000000 
18.480000 ,5.794721  ,-11.277977,7.771443  ,8.000000  ,0.047229  ,0.005758  ,50.000000 
18.500000 ,5.733976  ,-11.421277,7.792662  ,8.000000  ,0.047415  ,0.028985  ,50.090000 
18.500000 ,5.733976  ,-11.421277,7.792662  ,8.000000  ,0.047415  ,0.023119  ,50.090000 
18.520000 ,5.671410  ,-11.564232,7.811911  ,8.000000  ,0.047874  ,-0.001058 ,50.090000 
18.520000 ,5.671410  ,-11.564232,7.811911  ,8.000000  ,0.047874  ,-0.094351 ,50.090000 
18.540000 ,5.607212  ,-11.706864,7.829373  ,8.000000  ,0.047125  ,0.003384  ,50.170000 
18.540000 ,5.607212  ,-11.706864,7.829373  ,8.000000  ,0.047125  ,-0.037950 ,50.170000 
18.560000 ,5.541508  ,-11.849176,7.845214  ,8.000000  ,0.046001  ,-0.005037 ,50.260000 
18.560000 ,5.541508  ,-11.849176,7.845214  ,8.000000  ,0.046001  ,0.045486  ,50.260000 
18.580000 ,5.474364  ,-11.991148,7.859584  ,8.000000  ,0.044618  ,-0.047551 ,50.340000 
18.580000 ,5.474364  ,-11.991148,7.859584  ,8.000000  ,0.044618  ,0.005055  ,50.340000 
18.600000 ,5.405992  ,-12.132838,7.872620  ,8.000000  ,0.043253  ,-0.067658 ,50.430000 
18.600000 ,5.405992  ,-12.132838,7.872620  ,8.000000  ,0.043253  ,-0.015581 ,50.430000 
18.620000 ,5.336572  ,-12.274294,7.884446  ,8.000000  ,0.043684  ,-0.022400 ,50.430000 
18.620000 ,5.336572  ,-12.274294,7.884446  ,8.000000  ,0.043684  ,0.032007  ,50.430000 
18.640000 ,5.265893  ,-12.415376,7.895174  ,8.000000  ,0.043119  ,-0.013158 ,50.520000 
18.640000 ,5.265893  ,-12.415376,7.895174  ,8.000000  ,0.043119  ,0.094152  ,50.520000 
18.660000 ,5.193706  ,-12.555923,7.904906  ,8.000000  ,0.042317  ,-0.008411 ,50.600000 
18.660000 ,5.193706  ,-12.555923,7.904906  ,8.000000  ,0.042317  ,0.039897  ,50.600000 
18.680000 ,5.120347  ,-12.696072,7.913734  ,8.000000  ,0.041657  ,0.057190  ,50.690000 
18.680000 ,5.120347  ,-12.696072,7.913734  ,8.000000  ,0.041657  ,0.021343  ,50.690000 
18.700000 ,5.045893  ,-12.835833,7.921743  ,8.000000  ,0.042375  ,-0.004226 ,50.690000 
18.700000 ,5.045893  ,-12.835833,7.921743  ,8.000000  ,0.042375  ,0.006773  ,50.690000 
18.720000 ,4.970295  ,-12.975152,7.929008  ,8.000000  ,0.042525  ,-0.046440 ,50.770000 
18.720000 ,4.970295  ,-12.975152,7.929008  ,8.000000  ,0.042525  ,-0.047466 ,50.770000 
18.740000 ,4.893708  ,-13.114087,7.935599  ,8.000000  ,0.042937  ,-0.036008 ,50.860000 
18.740000 ,4.893708  ,-13.114087,7.935599  ,8.000000  ,0.042937  ,0.017274  ,50.860000 
18.760000 ,4.815776  ,-13.252417,7.941578  ,8.000000  ,0.043170  ,-0.012789 ,50.950000 
18.760000 ,4.815776  ,-13.252417,7.941578  ,8.000000  ,0.043170  ,-0.020602 ,50.950000 
18.780000 ,4.736345  ,-13.390023,7.947002  ,8.000000  ,0.042994  ,-0.021577 ,51.030000 
18.780000 ,4.736345  ,-13.390023,7.947002  ,8.000000  ,0.042994  ,-0.033523 ,51.030000 
18.800000 ,4.655504  ,-13.526926,7.951922  ,8.000000  ,0.043324  ,-0.021370 ,51.030000 
18.800000 ,4.655504  ,-13.526926,7.951922  ,8.000000  ,0.043324  ,0.053355  ,51.030000 
18.820000 ,4.573319  ,-13.663135,7.956386  ,8.000000  ,0.042546  ,-0.003629 ,51.120000 
18.820000 ,4.573319  ,-13.663135,7.956386  ,8.000000  ,0.042546  ,0.011207  ,51.120000 
18.840000 ,4.489741  ,-13.798594,7.960435  ,8.000000  ,0.041124  ,0.035849  ,51.200000 
18.840000 ,4.489741  ,-13.798594,7.960435  ,8.000000  ,0.041124  ,0.053174  ,51.200000 
18.860000 ,4.404744  ,-13.933259,7.964108  ,8.000000  ,0.038911  ,0.029147  ,51.290000 
18.860000 ,4.404744  ,-13.933259,7.964108  ,8.000000  ,0.038911  ,-0.039258 ,51.290000 
18.880000 ,4.318342  ,-14.067110,7.967440  ,8.000000  ,0.035794  ,0.063663  ,51.380000 
18.880000 ,4.318342  ,-14.067110,7.967440  ,8.000000  ,0.035794  ,-0.061352 ,51.380000 
18.900000 ,4.230888  ,-14.200352,7.970463  ,8.000000  ,0.033259  ,0.022860  ,51.380000 
18.900000 ,4.230888  ,-14.200352,7.970463  ,8.000000  ,0.033259  ,-0.072413 ,51.380000 
18.920000 ,4.142604  ,-14.333115,7.973205  ,8.000000  ,0.030181  ,-0.000898 ,51.460000 
18.920000 ,4.142604  ,-14.333115,7.973205  ,8.000000  ,0.030181  ,-0.065367 ,51.460000 
18.940000 ,4.053812  ,-14.465602,7.975693  ,7.979842  ,0.027610  ,-0.023036 ,51.550000 
18.940000 ,4.053812  ,-14.465602,7.975693  ,7.979842  ,0.027610  ,0.018087  ,51.550000 
18.960000 ,3.964398  ,-14.597704,7.976078  ,7.902566  ,0.025508  ,-0.020242 ,51.640000 
18.960000 ,3.964398  ,-14.597704,7.976078  ,7.902566  ,0.025508  ,-0.013940 ,51.640000 
18.980000 ,3.874578  ,-14.729213,7.950773  ,7.835810  ,0.024036  ,-0.058141 ,51.720000 
18.980000 ,3.874578  ,-14.729213,7.950773  ,7.835810  ,0.024036  ,0.027382  ,51.720000 
19.000000 ,3.784376  ,-14.859663,7.911200  ,7.829674  ,0.024595  ,0.109516  ,51.720000 
19.000000 ,3.784376  ,-14.859663,7.911200  ,7.829674  ,0.024595  ,-0.014648 ,51.720000 
19.020000 ,3.693720  ,-14.988980,7.883137  ,7.783231  ,0.024654  ,0.001830  ,51.810000 
19.020000 ,3.693720  ,-14.988980,7.883137  ,7.783231  ,0.024654  ,-0.041850 ,51.810000 
19.040000 ,3.602365  ,-15.117033,7.848747  ,7.736313  ,0.024927  ,-0.082695 ,51.890000 
19.040000 ,3.602365  ,-15.117033,7.848747  ,7.736313  ,0.024927  ,0.011749  ,51.890000 
19.060000 ,3.510447  ,-15.243778,7.810044  ,7.659388  ,0.025515  ,0.032934  ,51.980000 
19.060000 ,3.510447  ,-15.243778,7.810044  ,7.659388  ,0.025515  ,0.040450  ,51.980000 
19.080000 ,3.417880  ,-15.368916,7.758185  ,7.580727  ,0.026163  ,-0.109945 ,52.070000 
19.080000 ,3.417880  ,-15.368916,7.758185  ,7.580727  ,0.026163  ,-0.001680 ,52.070000 
19.100000 ,3.324380  ,-15.491937,7.697099  ,7.591237  ,0.028304  ,0.065488  ,52.070000 
19.100000 ,3.324380  ,-15.491937,7.697099  ,7.591237  ,0.028304  ,0.051823  ,52.070000 
19.120000 ,3.229800  ,-15.612910,7.660659  ,7.539391  ,0.028562  ,0.051989  ,52.150000 
19.120000 ,3.229800  ,-15.612910,7.660659  ,7.539391  ,0.028562  ,0.027477  ,52.150000 
19.140000 ,3.133615  ,-15.731601,7.618915  ,7.466329  ,0.027653  ,0.015579  ,52.240000 
19.140000 ,3.133615  ,-15.731601,7.618915  ,7.466329  ,0.027653  ,-0.049877 ,52.240000 
19.160000 ,3.036072  ,-15.847944,7.566392  ,7.401996  ,0.025691  ,-0.079654 ,52.320000 
19.160000 ,3.036072  ,-15.847944,7.566392  ,7.401996  ,0.025691  ,-0.036516 ,52.320000 
19.180000 ,2.937571  ,-15.962038,7.509803  ,7.401926  ,0.025153  ,-0.024722 ,52.320000 
19.180000 ,2.937571  ,-15.962038,7.509803  ,7.401926  ,0.025153  ,-0.025500 ,52.320000 
19.200000 ,2.837876  ,-16.073850,7.472669  ,7.353808  ,0.022547  ,-0.006819 ,52.410000 
19.200000 ,2.837876  ,-16.073850,7.472669  ,7.353808  ,0.022547  ,0.051062  ,52.410000 
19.220000 ,2.736596  ,-16.183164,7.431754  ,7.278074  ,0.018677  ,-0.036328 ,52.500000 
19.220000 ,2.736596  ,-16.183164,7.431754  ,7.278074  ,0.018677  ,0.010868  ,52.500000 
19.240000 ,2.634118  ,-16.290051,7.378854  ,7.196846  ,0.013878  ,-0.037806 ,52.580000 
19.240000 ,2.634118  ,-16.290051,7.378854  ,7.196846  ,0.013878  ,0.032227  ,52.580000 
19.260000 ,2.530708  ,-16.394410,7.316202  ,7.201078  ,0.010684  ,-0.026803 ,52.580000 
19.260000 ,2.530708  ,-16.394410,7.316202  ,7.201078  ,0.010684  ,-0.048015 ,52.580000 
19.280000 ,2.426361  ,-16.496391,7.276574  ,7.154372  ,0.005326  ,-0.010601 ,52.670000 
19.280000 ,2.426361  ,-16.496391,7.276574  ,7.154372  ,0.005326  ,-0.014200 ,52.670000 
19.300000 ,2.321173  ,-16.596321,7.234509  ,7.082744  ,0.000474  ,-0.025937 ,52.750000 
19.300000 ,2.321173  ,-16.596321,7.234509  ,7.082744  ,0.000474  ,0.001639  ,52.750000 
19.320000 ,2.215491  ,-16.694339,7.182268  ,7.061467  ,0.004555  ,0.025469  ,52.750000 
19.320000 ,2.215491  ,-16.694339,7.182268  ,7.061467  ,0.004555  ,0.029149  ,52.750000 
19.340000 ,2.109349  ,-16.790473,7.140685  ,7.006582  ,0.009569  ,0.076683  ,52.840000 
19.340000 ,2.109349  ,-16.790473,7.140685  ,7.006582  ,0.009569  ,0.045346  ,52.840000 
19.360000 ,2.002888  ,-16.884937,7.094523  ,6.949482  ,0.014474  ,0.045707  ,52.930000 
19.360000 ,2.002888  ,-16.884937,7.094523  ,6.949482  ,0.014474  ,-0.025597 ,52.930000 
19.380000 ,1.896465  ,-16.977986,7.044597  ,6.873933  ,0.018873  ,-0.034829 ,53.010000 
19.380000 ,1.896465  ,-16.977986,7.044597  ,6.873933  ,0.018873  ,0.056919  ,53.010000 
19.400000 ,1.790527  ,-17.069930,6.985850  ,6.866236  ,0.019960  ,0.008044  ,53.010000 
19.400000 ,1.790527  ,-17.069930,6.985850  ,6.866236  ,0.019960  ,0.023588  ,53.010000 
19.420000 ,1.685167  ,-17.161030,6.944676  ,6.824634  ,0.021223  ,0.002494  ,53.100000 
19.420000 ,1.685167  ,-17.161030,6.944676  ,6.824634  ,0.021223  ,-0.018302 ,53.100000 
19.440000 ,1.580168  ,-17.251285,6.903355  ,6.748605  ,0.021518  ,-0.047669 ,53.180000 
19.440000 ,1.580168  ,-17.251285,6.903355  ,6.748605  ,0.021518  ,0.020265  ,53.180000 
19.460000 ,1.475679  ,-17.340673,6.850086  ,6.737727  ,0.018928  ,-0.009657 ,53.180000 
19.460000 ,1.475679  ,-17.340673,6.850086  ,6.737727  ,0.018928  ,-0.025616 ,53.180000 
19.480000 ,1.371499  ,-17.429016,6.811410  ,6.701847  ,0.016661  ,-0.013568 ,53.270000 
19.480000 ,1.371499  ,-17.429016,6.811410  ,6.701847  ,0.016661  ,0.043114  ,53.270000 
19.500000 ,1.267305  ,-17.516157,6.773695  ,6.641521  ,0.014159  ,-0.050128 ,53.360000 
19.500000 ,1.267305  ,-17.516157,6.773695  ,6.641521  ,0.014159  ,0.015643  ,53.360000 
19.520000 ,1.163261  ,-17.602171,6.728198  ,6.626308  ,0.009658  ,-0.025288 ,53.360000 
19.520000 ,1.163261  ,-17.602171,6.728198  ,6.626308  ,0.009658  ,-0.035586 ,53.360000 
19.540000 ,1.058961  ,-17.686608,6.693125  ,6.596540  ,0.006220  ,0.002740  ,53.440000 
19.540000 ,1.058961  ,-17.686608,6.693125  ,6.596540  ,0.006220  ,0.071074  ,53.440000 
19.560000 ,0.954160  ,-17.769325,6.659878  ,6.548555  ,0.003439  ,-0.055908 ,53.530000 
19.560000 ,0.954160  ,-17.769325,6.659878  ,6.548555  ,0.003439  ,-0.087468 ,53.530000 
19.580000 ,0.848813  ,-17.850171,6.621558  ,6.533897  ,0.000016  ,0.025268  ,53.530000 
19.580000 ,0.848813  ,-17.850171,6.621558  ,6.533897  ,0.000016  ,0.023694  ,53.530000 
19.600000 ,0.742847  ,-17.929067,6.591383  ,6.506728  ,0.001832  ,0.035269  ,53.610000 
19.600000 ,0.742847  ,-17.929067,6.591383  ,6.506728  ,0.001832  ,0.019913  ,53.610000 
19.620000 ,0.635902  ,-18.005619,6.562243  ,6.472293  ,0.002049  ,-0.003189 ,53.700000 
19.620000 ,0.635902  ,-18.005619,6.562243  ,6.472293  ,0.002049  ,0.001744  ,53.700000 
19.640000 ,0.528132  ,-18.079949,6.531280  ,6.461486  ,0.002516  ,0.020906  ,53.700000 
19.640000 ,0.528132  ,-18.079949,6.531280  ,6.461486  ,0.002516  ,0.036206  ,53.700000 
19.660000 ,0.419647  ,-18.152252,6.507255  ,6.436564  ,0.001138  ,0.050549  ,53.790000 
19.660000 ,0.419647  ,-18.152252,6.507255  ,6.436564  ,0.001138  ,0.012715  ,53.790000 
19.680000 ,0.310262  ,-18.222291,6.482922  ,6.415150  ,0.001816  ,0.075158  ,53.870000 
19.680000 ,0.310262  ,-18.222291,6.482922  ,6.415150  ,0.001816  ,-0.014584 ,53.870000 
19.700000 ,0.200238  ,-18.290425,6.459593  ,6.408271  ,0.003483  ,0.031641  ,53.870000 
19.700000 ,0.200238  ,-18.290425,6.459593  ,6.408271  ,0.003483  ,-0.009137 ,53.870000 
19.720000 ,0.089686  ,-18.356912,6.441927  ,6.397508  ,0.000000  ,0.000033  ,53.960000 
19.720000 ,0.089686  ,-18.356912,6.441927  ,6.397508  ,0.000000  ,0.042017  ,53.960000 
19.740000 ,-0.021425 ,-18.421813,6.426637  ,6.377311  ,0.010731  ,-0.042881 ,54.040000 
19.740000 ,-0.021425 ,-18.421813,6.426637  ,6.377311  ,0.010731  ,-0.024187 ,54.040000 
19.760000 ,-0.133041 ,-18.485188,6.409657  ,6.373137  ,0.011442  ,0.065871  ,54.040000 
19.760000 ,-0.133041 ,-18.485188,6.409657  ,6.373137  ,0.011442  ,-0.002542 ,54.040000 
19.780000 ,-0.245271 ,-18.546862,6.397086  ,6.366397  ,0.014248  ,0.022415  ,54.130000 
19.780000 ,-0.245271 ,-18.546862,6.397086  ,6.366397  ,0.014248  ,0.014579  ,54.130000 
19.800000 ,-0.358257 ,-18.606649,6.386522  ,6.357513  ,0.017753  ,0.014077  ,54.220000 
19.800000 ,-0.358257 ,-18.606649,6.386522  ,6.357513  ,0.017753  ,0.023970  ,54.220000 
19.820000 ,-0.471869 ,-18.664789,6.376536  ,6.353920  ,0.016052  ,-0.017259 ,54.220000 
19.820000 ,-0.471869 ,-18.664789,6.376536  ,6.353920  ,0.016052  ,-0.035764 ,54.220000 
19.840000 ,-0.586305 ,-18.720888,6.368751  ,6.344017  ,0.017521  ,0.074506  ,54.300000 
19.840000 ,-0.586305 ,-18.720888,6.368751  ,6.344017  ,0.017521  ,0.005270  ,54.300000 
19.860000 ,-0.701662 ,-18.774683,6.360237  ,6.345621  ,0.019797  ,-0.034472 ,54.390000 
19.860000 ,-0.701662 ,-18.774683,6.360237  ,6.345621  ,0.019797  ,-0.039566 ,54.390000 
19.880000 ,-0.817924 ,-18.826163,6.355206  ,6.346988  ,0.015269  ,0.011808  ,54.390000 
19.880000 ,-0.817924 ,-18.826163,6.355206  ,6.346988  ,0.015269  ,0.045973  ,54.390000 
19.900000 ,-0.935036 ,-18.875478,6.352377  ,6.349028  ,0.014996  ,-0.001411 ,54.480000 
19.900000 ,-0.935036 ,-18.875478,6.352377  ,6.349028  ,0.014996  ,0.003382  ,54.480000 
19.920000 ,-1.053152 ,-18.922234,6.351224  ,6.344031  ,0.009933  ,0.007482  ,54.480000 
19.920000 ,-1.053152 ,-18.922234,6.351224  ,6.344031  ,0.009933  ,0.015236  ,54.480000 
19.940000 ,-1.172325 ,-18.966114,6.348748  ,6.346901  ,0.007439  ,0.024240  ,54.560000 
19.940000 ,-1.172325 ,-18.966114,6.348748  ,6.346901  ,0.007439  ,0.027083  ,54.560000 
19.960000 ,-1.292532 ,-19.006986,6.348112  ,6.349785  ,0.005663  ,0.030363  ,54.650000 
19.960000 ,-1.292532 ,-19.006986,6.348112  ,6.349785  ,0.005663  ,-0.005697 ,54.650000 
19.980000 ,-1.413715 ,-19.044847,6.348268  ,6.344786  ,0.001214  ,0.006026  ,54.650000 
19.980000 ,-1.413715 ,-19.044847,6.348268  ,6.344786  ,0.001214  ,0.010145  ,54.650000 
20.000000 ,-1.535825 ,-19.079565,6.347069  ,6.334010  ,0.000000  ,-0.062870 ,54.730000 
20.000000 ,-1.535825 ,-19.079565,6.347069  ,6.334010  ,0.000000  ,0.011556  ,54.730000 
20.020000 ,-1.658753 ,-19.111026,6.342574  ,6.354039  ,0.006744  ,0.064594  ,54.820000 
20.020000 ,-1.658753 ,-19.111026,6.342574  ,6.354039  ,0.006744  ,0.026025  ,54.820000 
20.040000 ,-1.782487 ,-19.139004,6.343638  ,6.340516  ,0.013916  ,0.034557  ,54.820000 
20.040000 ,-1.782487 ,-19.139004,6.343638  ,6.340516  ,0.013916  ,0.077099  ,54.820000 
20.060000 ,-1.906965 ,-19.163462,6.342564  ,6.347960  ,0.016376  ,-0.024627 ,54.910000 
20.060000 ,-1.906965 ,-19.163462,6.342564  ,6.347960  ,0.016376  ,0.003980  ,54.910000 
20.080000 ,-2.031997 ,-19.184881,6.343065  ,6.353222  ,0.021812  ,-0.030854 ,54.910000 
20.080000 ,-2.031997 ,-19.184881,6.343065  ,6.353222  ,0.021812  ,0.014015  ,54.910000 
20.100000 ,-2.157530 ,-19.203231,6.344008  ,6.354157  ,0.025037  ,-0.011084 ,54.990000 
20.100000 ,-2.157530 ,-19.203231,6.344008  ,6.354157  ,0.025037  ,0.001220  ,54.990000 
20.120000 ,-2.283534 ,-19.218170,6.344950  ,6.379972  ,0.026878  ,-0.048218 ,55.080000 
20.120000 ,-2.283534 ,-19.218170,6.344950  ,6.379972  ,0.026878  ,-0.044369 ,55.080000 
20.140000 ,-2.409930 ,-19.229775,6.348201  ,6.377050  ,0.031673  ,-0.007815 ,55.080000 
20.140000 ,-2.409930 ,-19.229775,6.348201  ,6.377050  ,0.031673  ,-0.007797 ,55.080000 
20.160000 ,-2.536630 ,-19.238320,6.350880  ,6.383435  ,0.033492  ,-0.054876 ,55.160000 
20.160000 ,-2.536630 ,-19.238320,6.350880  ,6.383435  ,0.033492  ,0.010181  ,55.160000 
20.180000 ,-2.663564 ,-19.243638,6.353902  ,6.426201  ,0.033992  ,-0.006826 ,55.250000 
20.180000 ,-2.663564 ,-19.243638,6.353902  ,6.426201  ,0.033992  ,0.027999  ,55.250000 
20.200000 ,-2.790686 ,-19.245979,6.360614  ,6.418978  ,0.037946  ,0.042769  ,55.250000 
20.200000 ,-2.790686 ,-19.245979,6.360614  ,6.418978  ,0.037946  ,-0.040418 ,55.250000 
20.220000 ,-2.917947 ,-19.245178,6.366033  ,6.445502  ,0.038202  ,0.050970  ,55.340000 
20.220000 ,-2.917947 ,-19.245178,6.366033  ,6.445502  ,0.038202  ,-0.104719 ,55.340000 
20.240000 ,-3.045293 ,-19.241687,6.373411  ,6.496179  ,0.037563  ,0.015057  ,55.420000 
20.240000 ,-3.045293 ,-19.241687,6.373411  ,6.496179  ,0.037563  ,-0.073004 ,55.420000 
20.260000 ,-3.172747 ,-19.235983,6.384808  ,6.480594  ,0.041144  ,-0.033944 ,55.420000 
20.260000 ,-3.172747 ,-19.235983,6.384808  ,6.480594  ,0.041144  ,0.020532  ,55.420000 
20.280000 ,-3.300295 ,-19.228197,6.393701  ,6.523788  ,0.041606  ,0.043278  ,55.510000 
20.280000 ,-3.300295 ,-19.228197,6.393701  ,6.523788  ,0.041606  ,-0.005163 ,55.510000 
20.300000 ,-3.427890 ,-19.218102,6.405778  ,6.529885  ,0.044379  ,0.049368  ,55.510000 
20.300000 ,-3.427890 ,-19.218102,6.405778  ,6.529885  ,0.044379  ,-0.025624 ,55.510000 
20.320000 ,-3.555500 ,-19.205503,6.417300  ,6.553589  ,0.045122  ,0.042789  ,55.590000 
20.320000 ,-3.555500 ,-19.205503,6.417300  ,6.553589  ,0.045122  ,-0.022458 ,55.590000 
20.340000 ,-3.683143 ,-19.190922,6.429953  ,6.622699  ,0.045442  ,-0.033519 ,55.680000 
20.340000 ,-3.683143 ,-19.190922,6.429953  ,6.622699  ,0.045442  ,-0.017594 ,55.680000 
20.360000 ,-3.810910 ,-19.174802,6.447847  ,6.622422  ,0.048876  ,-0.021273 ,55.680000 
20.360000 ,-3.810910 ,-19.174802,6.447847  ,6.622422  ,0.048876  ,0.042488  ,55.680000 
20.380000 ,-3.938772 ,-19.156827,6.464055  ,6.651459  ,0.050526  ,0.008868  ,55.770000 
20.380000 ,-3.938772 ,-19.156827,6.464055  ,6.651459  ,0.050526  ,0.017643  ,55.770000 
20.400000 ,-4.066651 ,-19.136684,6.481453  ,6.738334  ,0.051495  ,-0.035702 ,55.850000 
20.400000 ,-4.066651 ,-19.136684,6.481453  ,6.738334  ,0.051495  ,-0.030309 ,55.850000 
20.420000 ,-4.194594 ,-19.114398,6.505302  ,6.730346  ,0.054940  ,-0.038469 ,55.850000 
20.420000 ,-4.194594 ,-19.114398,6.505302  ,6.730346  ,0.054940  ,-0.054289 ,55.850000 
20.440000 ,-4.322632 ,-19.090139,6.526194  ,6.771330  ,0.056225  ,-0.012967 ,55.940000 
20.440000 ,-4.322632 ,-19.090139,6.526194  ,6.771330  ,0.056225  ,0.016847  ,55.940000 
20.460000 ,-4.450668 ,-19.063625,6.548953  ,6.866767  ,0.056686  ,-0.028485 ,56.020000 
20.460000 ,-4.450668 ,-19.063625,6.548953  ,6.866767  ,0.056686  ,-0.015824 ,56.020000 
20.480000 ,-4.578733 ,-19.034765,6.578458  ,6.851967  ,0.059360  ,-0.008410 ,56.020000 
20.480000 ,-4.578733 ,-19.034765,6.578458  ,6.851967  ,0.059360  ,-0.021944 ,56.020000 
20.500000 ,-4.706841 ,-19.003683,6.603850  ,6.913660  ,0.059482  ,-0.004475 ,56.110000 
20.500000 ,-4.706841 ,-19.003683,6.603850  ,6.913660  ,0.059482  ,-0.019448 ,56.110000 
20.520000 ,-4.834880 ,-18.970115,6.632613  ,7.005034  ,0.058527  ,0.055486  ,56.200000 
20.520000 ,-4.834880 ,-18.970115,6.632613  ,7.005034  ,0.058527  ,0.024715  ,56.200000 
20.540000 ,-4.962938 ,-18.934196,6.667188  ,6.985956  ,0.059688  ,0.009835  ,56.200000 
20.540000 ,-4.962938 ,-18.934196,6.667188  ,6.985956  ,0.059688  ,-0.008572 ,56.200000 
20.560000 ,-5.091029 ,-18.896077,6.696782  ,7.058429  ,0.058303  ,-0.032162 ,56.280000 
20.560000 ,-5.091029 ,-18.896077,6.696782  ,7.058429  ,0.058303  ,0.010929  ,56.280000 
20.580000 ,-5.219221 ,-18.856120,6.730357  ,7.151717  ,0.056528  ,0.016690  ,56.370000 
20.580000 ,-5.219221 ,-18.856120,6.730357  ,7.151717  ,0.056528  ,0.079579  ,56.370000 
20.600000 ,-5.347496 ,-18.814038,6.769476  ,7.131361  ,0.056933  ,-0.066640 ,56.370000 
20.600000 ,-5.347496 ,-18.814038,6.769476  ,7.131361  ,0.056933  ,-0.002277 ,56.370000 
20.620000 ,-5.475868 ,-18.769960,6.803073  ,7.208382  ,0.055113  ,0.009138  ,56.450000 
20.620000 ,-5.475868 ,-18.769960,6.803073  ,7.208382  ,0.055113  ,0.004742  ,56.450000 
20.640000 ,-5.604455 ,-18.724335,6.840701  ,7.307124  ,0.053238  ,-0.026570 ,56.540000 
20.640000 ,-5.604455 ,-18.724335,6.840701  ,7.307124  ,0.053238  ,0.016433  ,56.540000 
20.660000 ,-5.733304 ,-18.677049,6.884004  ,7.290220  ,0.053763  ,-0.060770 ,56.540000 
20.660000 ,-5.733304 ,-18.677049,6.884004  ,7.290220  ,0.053763  ,-0.009872 ,56.540000 
20.680000 ,-5.862387 ,-18.628074,6.921716  ,7.361878  ,0.052616  ,-0.071763 ,56.630000 
20.680000 ,-5.862387 ,-18.628074,6.921716  ,7.361878  ,0.052616  ,-0.032472 ,56.630000 
20.700000 ,-5.991640 ,-18.577357,6.962580  ,7.463960  ,0.051238  ,0.031556  ,56.710000 
20.700000 ,-5.991640 ,-18.577357,6.962580  ,7.463960  ,0.051238  ,-0.010238 ,56.710000 
20.720000 ,-6.121024 ,-18.524613,7.009128  ,7.458332  ,0.051479  ,-0.006066 ,56.710000 
20.720000 ,-6.121024 ,-18.524613,7.009128  ,7.458332  ,0.051479  ,0.014849  ,56.710000 
20.740000 ,-6.250502 ,-18.469798,7.050832  ,7.534256  ,0.049957  ,-0.009394 ,56.800000 
20.740000 ,-6.250502 ,-18.469798,7.050832  ,7.534256  ,0.049957  ,0.008475  ,56.800000 
20.760000 ,-6.380168 ,-18.413223,7.095712  ,7.632726  ,0.048204  ,0.026253  ,56.880000 
20.760000 ,-6.380168 ,-18.413223,7.095712  ,7.632726  ,0.048204  ,-0.082062 ,56.880000 
20.780000 ,-6.510100 ,-18.354909,7.145568  ,7.657894  ,0.047888  ,0.049460  ,56.880000 
20.780000 ,-6.510100 ,-18.354909,7.145568  ,7.657894  ,0.047888  ,-0.001413 ,56.880000 
20.800000 ,-6.640302 ,-18.294835,7.193132  ,7.715762  ,0.046557  ,0.038256  ,56.970000 
20.800000 ,-6.640302 ,-18.294835,7.193132  ,7.715762  ,0.046557  ,-0.090805 ,56.970000 
20.820000 ,-6.770917 ,-18.233372,7.241652  ,7.801858  ,0.045411  ,0.008902  ,57.060000 
20.820000 ,-6.770917 ,-18.233372,7.241652  ,7.801858  ,0.045411  ,-0.040314 ,57.060000 
20.840000 ,-6.902088 ,-18.170736,7.293661  ,7.945586  ,0.044732  ,0.019330  ,57.140000 
20.840000 ,-6.902088 ,-18.170736,7.293661  ,7.945586  ,0.044732  ,0.008784  ,57.140000 
20.860000 ,-7.033941 ,-18.106916,7.354185  ,7.938173  ,0.046205  ,0.018204  ,57.140000 
20.860000 ,-7.033941 ,-18.106916,7.354185  ,7.938173  ,0.046205  ,-0.014408 ,57.140000 
20.880000 ,-7.166526 ,-18.041982,7.408402  ,8.000000  ,0.047195  ,0.059411  ,57.230000 
20.880000 ,-7.166526 ,-18.041982,7.408402  ,8.000000  ,0.047195  ,-0.014573 ,57.230000 
20.900000 ,-7.299879 ,-17.976136,7.463326  ,8.000000  ,0.048926  ,0.044086  ,57.310000 
20.900000 ,-7.299879 ,-17.976136,7.463326  ,8.000000  ,0.048926  ,0.009012  ,57.310000 
20.920000 ,-7.434095 ,-17.909671,7.513150  ,8.000000  ,0.051709  ,0.001341  ,57.400000 
20.920000 ,-7.434095 ,-17.909671,7.513150  ,8.000000  ,0.051709  ,0.045824  ,57.400000 
20.940000 ,-7.569149 ,-17.842760,7.558349  ,8.000000  ,0.057016  ,-0.036259 ,57.400000 
20.940000 ,-7.569149 ,-17.842760,7.558349  ,8.000000  ,0.057016  ,0.023265  ,57.400000 
20.960000 ,-7.704948 ,-17.775412,7.599351  ,8.000000  ,0.062434  ,-0.022647 ,57.490000 
20.960000 ,-7.704948 ,-17.775412,7.599351  ,8.000000  ,0.062434  ,-0.016631 ,57.490000 
20.980000 ,-7.841277 ,-17.707375,7.636547  ,8.000000  ,0.068546  ,0.031986  ,57.570000 
20.980000 ,-7.841277 ,-17.707375,7.636547  ,8.000000  ,0.068546  ,-0.030473 ,57.570000 
21.000000 ,-7.977884 ,-17.638313,7.670290  ,8.000000  ,0.074906  ,-0.005830 ,57.660000 
21.000000 ,-7.977884 ,-17.638313,7.670290  ,8.000000  ,0.074906  ,-0.057685 ,57.660000 
21.020000 ,-8.114643 ,-17.568131,7.700899  ,8.000000  ,0.082237  ,-0.010258 ,57.660000 
21.020000 ,-8.114643 ,-17.568131,7.700899  ,8.000000  ,0.082237  ,-0.005965 ,57.660000 
21.040000 ,-8.251494 ,-17.496859,7.728668  ,8.000000  ,0.088849  ,-0.020141 ,57.750000 
21.040000 ,-8.251494 ,-17.496859,7.728668  ,8.000000  ,0.088849  ,0.071650  ,57.750000 
21.060000 ,-8.388270 ,-17.424305,7.753858  ,8.000000  ,0.095094  ,-0.019241 ,57.830000 
21.060000 ,-8.388270 ,-17.424305,7.753858  ,8.000000  ,0.095094  ,-0.002151 ,57.830000 
21.080000 ,-8.524795 ,-17.350269,7.776710  ,8.000000  ,0.100655  ,-0.029674 ,57.920000 
21.080000 ,-8.524795 ,-17.350269,7.776710  ,8.000000  ,0.100655  ,-0.014426 ,57.920000 
21.100000 ,-8.660908 ,-17.274577,7.797440  ,8.000000  ,0.105796  ,-0.062273 ,57.920000 
21.100000 ,-8.660908 ,-17.274577,7.797440  ,8.000000  ,0.105796  ,-0.047978 ,57.920000 
21.120000 ,-8.796456 ,-17.197080,7.816245  ,8.000000  ,0.109324  ,0.021279  ,58.000000 
21.120000 ,-8.796456 ,-17.197080,7.816245  ,8.000000  ,0.109324  ,-0.020404 ,58.000000 
21.140000 ,-8.931285 ,-17.117631,7.833305  ,8.000000  ,0.111364  ,0.004057  ,58.090000 
21.140000 ,-8.931285 ,-17.117631,7.833305  ,8.000000  ,0.111364  ,0.046621  ,58.090000 
21.160000 ,-9.065145 ,-17.035933,7.848781  ,8.000000  ,0.111502  ,0.039228  ,58.180000 
21.160000 ,-9.065145 ,-17.035933,7.848781  ,8.000000  ,0.111502  ,-0.000125 ,58.180000 
21.180000 ,-9.198109 ,-16.952230,7.862820  ,8.000000  ,0.109952  ,-0.016463 ,58.260000 
21.180000 ,-9.198109 ,-16.952230,7.862820  ,8.000000  ,0.109952  ,0.024833  ,58.260000 
21.200000 ,-9.330390 ,-16.866956,7.875555  ,8.000000  ,0.107511  ,-0.033803 ,58.260000 
21.200000 ,-9.330390 ,-16.866956,7.875555  ,8.000000  ,0.107511  ,0.064444  ,58.260000 
21.220000 ,-9.462175 ,-16.780473,7.887109  ,8.000000  ,0.103862  ,-0.056991 ,58.350000 
21.220000 ,-9.462175 ,-16.780473,7.887109  ,8.000000  ,0.103862  ,0.048457  ,58.350000 
21.240000 ,-9.593317 ,-16.692623,7.897589  ,8.000000  ,0.099035  ,0.041285  ,58.430000 
21.240000 ,-9.593317 ,-16.692623,7.897589  ,8.000000  ,0.099035  ,0.005189  ,58.430000 
21.260000 ,-9.723824 ,-16.603478,7.907097  ,8.000000  ,0.093052  ,0.017690  ,58.520000 
21.260000 ,-9.723824 ,-16.603478,7.907097  ,8.000000  ,0.093052  ,0.000493  ,58.520000 
21.280000 ,-9.853682 ,-16.513072,7.915722  ,8.000000  ,0.085894  ,-0.089887 ,58.610000 
21.280000 ,-9.853682 ,-16.513072,7.915722  ,8.000000  ,0.085894  ,0.019647  ,58.610000 
21.300000 ,-9.983220 ,-16.421921,7.923546  ,8.000000  ,0.078149  ,0.074996  ,58.610000 
21.300000 ,-9.983220 ,-16.421921,7.923546  ,8.000000  ,0.078149  ,-0.031528 ,58.610000 
21.320000 ,-10.112758,-16.330512,7.930644  ,8.000000  ,0.070191  ,0.028044  ,58.690000 
21.320000 ,-10.112758,-16.330512,7.930644  ,8.000000  ,0.070191  ,-0.042289 ,58.690000 
21.340000 ,-10.242299,-16.238872,7.937083  ,8.000000  ,0.062079  ,0.004048  ,58.780000 
21.340000 ,-10.242299,-16.238872,7.937083  ,8.000000  ,0.062079  ,-0.010503 ,58.780000 
21.360000 ,-10.372120,-16.147416,7.942924  ,8.000000  ,0.054252  ,0.031970  ,58.860000 
21.360000 ,-10.372120,-16.147416,7.942924  ,8.000000  ,0.054252  ,0.018818  ,58.860000 
21.380000 ,-10.502374,-16.056384,7.948223  ,8.000000  ,0.046992  ,0.018923  ,58.860000 
21.380000 ,-10.502374,-16.056384,7.948223  ,8.000000  ,0.046992  ,0.051239  ,58.860000 
21.400000 ,-10.633073,-15.965814,7.953030  ,8.000000  ,0.040370  ,-0.029852 ,58.950000 
21.400000 ,-10.633073,-15.965814,7.953030  ,8.000000  ,0.040370  ,0.012081  ,58.950000 
21.420000 ,-10.764345,-15.875914,7.957391  ,8.000000  ,0.034641  ,-0.084572 ,59.040000 
21.420000 ,-10.764345,-15.875914,7.957391  ,8.000000  ,0.034641  ,0.025863  ,59.040000 
21.440000 ,-10.896192,-15.786712,7.961347  ,8.000000  ,0.029857  ,0.022772  ,59.120000 
21.440000 ,-10.896192,-15.786712,7.961347  ,8.000000  ,0.029857  ,-0.027684 ,59.120000 
21.460000 ,-11.028351,-15.697836,7.964935  ,8.000000  ,0.025586  ,0.078266  ,59.210000 
21.460000 ,-11.028351,-15.697836,7.964935  ,8.000000  ,0.025586  ,-0.018401 ,59.210000 
21.480000 ,-11.160586,-15.608952,7.968191  ,8.000000  ,0.021591  ,-0.068163 ,59.210000 
21.480000 ,-11.160586,-15.608952,7.968191  ,8.000000  ,0.021591  ,-0.013935 ,59.210000 
21.500000 ,-11.293027,-15.520263,7.971144  ,8.000000  ,0.017938  ,0.013280  ,59.290000 
21.500000 ,-11.293027,-15.520263,7.971144  ,8.000000  ,0.017938  ,0.042072  ,59.290000 
21.520000 ,-11.425744,-15.431886,7.973823  ,8.000000  ,0.014858  ,-0.023890 ,59.380000 
21.520000 ,-11.425744,-15.431886,7.973823  ,8.000000  ,0.014858  ,-0.001566 ,59.380000 
21.540000 ,-11.558480,-15.343445,7.976253  ,8.000000  ,0.011917  ,0.027328  ,59.470000 
21.540000 ,-11.558480,-15.343445,7.976253  ,8.000000  ,0.011917  ,0.041051  ,59.470000 
21.560000 ,-11.691233,-15.254948,7.978458  ,8.000000  ,0.009142  ,0.082815  ,59.550000 
21.560000 ,-11.691233,-15.254948,7.978458  ,8.000000  ,0.009142  ,0.018364  ,59.550000 
21.580000 ,-11.823795,-15.166086,7.980458  ,8.000000  ,0.006433  ,0.008219  ,59.550000 
21.580000 ,-11.823795,-15.166086,7.980458  ,8.000000  ,0.006433  ,0.062453  ,59.550000 
21.600000 ,-11.956320,-15.077103,7.982272  ,8.000000  ,0.003712  ,0.051843  ,59.640000 
21.600000 ,-11.956320,-15.077103,7.982272  ,8.000000  ,0.003712  ,-0.004203 ,59.640000 
21.620000 ,-12.088993,-14.988278,7.983918  ,8.000000  ,0.000000  ,-0.032203 ,59.720000 
21.620000 ,-12.088993,-14.988278,7.983918  ,8.000000  ,0.000000  ,-0.043631 ,59.720000 
21.640000 ,-12.221718,-14.899475,7.985411  ,8.000000  ,0.000421  ,-0.032200 ,59.810000 
21.640000 ,-12.221718,-14.899475,7.985411  ,8.000000  ,0.000421  ,-0.011937 ,59.810000 
21.660000 ,-12.354682,-14.810979,7.986765  ,8.000000  ,0.001627  ,0.033391  ,59.900000 
21.660000 ,-12.354682,-14.810979,7.986765  ,8.000000  ,0.001627  ,-0.008062 ,59.900000 
21.680000 ,-12.487754,-14.722597,7.987994  ,8.000000  ,0.002030  ,0.006247  ,59.900000 
21.680000 ,-12.487754,-14.722597,7.987994  ,8.000000  ,0.002030  ,0.059931  ,59.900000 
21.700000 ,-12.620804,-14.634141,7.989109  ,8.000000  ,0.002369  ,-0.031472 ,59.980000 
21.700000 ,-12.620804,-14.634141,7.989109  ,8.000000  ,0.002369  ,-0.025313 ,59.980000 
21.720000 ,-12.754017,-14.545891,7.990120  ,8.000000  ,0.000000  ,0.019631  ,60.070000 
21.720000 ,-12.754017,-14.545891,7.990120  ,8.000000  ,0.000000  ,-0.110519 ,60.070000 
21.740000 ,-12.887402,-14.457868,7.991037  ,8.000000  ,0.001180  ,-0.014339 ,60.150000 
21.740000 ,-12.887402,-14.457868,7.991037  ,8.000000  ,0.001180  ,0.015018  ,60.150000 
21.760000 ,-13.020828,-14.369875,7.991869  ,8.000000  ,0.000154  ,-0.061380 ,60.240000 
21.760000 ,-13.020828,-14.369875,7.991869  ,8.000000  ,0.000154  ,-0.014406 ,60.240000 
21.780000 ,-13.154384,-14.282049,7.992624  ,8.000000  ,0.002443  ,0.014498  ,60.240000 
21.780000 ,-13.154384,-14.282049,7.992624  ,8.000000  ,0.002443  ,-0.019789 ,60.240000 
21.800000 ,-13.287796,-14.193981,7.993309  ,8.000000  ,0.004600  ,0.003379  ,60.330000 
21.800000 ,-13.287796,-14.193981,7.993309  ,8.000000  ,0.004600  ,0.018234  ,60.330000 
21.820000 ,-13.420774,-14.105233,7.993930  ,8.000000  ,0.000000  ,0.040708  ,60.410000 
21.820000 ,-13.420774,-14.105233,7.993930  ,8.000000  ,0.000000  ,0.024439  ,60.410000 
21.840000 ,-13.553412,-14.015958,7.994494  ,8.000000  ,0.007838  ,-0.015710 ,60.500000 
21.840000 ,-13.553412,-14.015958,7.994494  ,8.000000  ,0.007838  ,-0.009576 ,60.500000 
21.860000 ,-13.685675,-13.926109,7.995005  ,8.000000  ,0.009045  ,0.013879  ,60.590000 
21.860000 ,-13.685675,-13.926109,7.995005  ,8.000000  ,0.009045  ,0.025215  ,60.590000 
21.880000 ,-13.817567,-13.835698,7.995469  ,8.000000  ,0.010333  ,-0.003653 ,60.590000 
21.880000 ,-13.817567,-13.835698,7.995469  ,8.000000  ,0.010333  ,0.022402  ,60.590000 
21.900000 ,-13.948879,-13.744433,7.995889  ,8.000000  ,0.010733  ,-0.007674 ,60.670000 
21.900000 ,-13.948879,-13.744433,7.995889  ,8.000000  ,0.010733  ,-0.043208 ,60.670000 
21.920000 ,-14.079689,-13.652434,7.996271  ,8.000000  ,0.010623  ,-0.019060 ,60.760000 
21.920000 ,-14.079689,-13.652434,7.996271  ,8.000000  ,0.010623  ,0.051863  ,60.760000 
21.940000 ,-14.209977,-13.559687,7.996617  ,8.000000  ,0.009977  ,0.045693  ,60.840000 
21.940000 ,-14.209977,-13.559687,7.996617  ,8.000000  ,0.009977  ,0.002302  ,60.840000 
21.960000 ,-14.339747,-13.466203,7.996931  ,8.000000  ,0.008799  ,0.076171  ,60.930000 
21.960000 ,-14.339747,-13.466203,7.996931  ,8.000000  ,0.008799  ,0.015879  ,60.930000 
21.980000 ,-14.469130,-13.372175,7.997216  ,8.000000  ,0.007630  ,0.015990  ,60.930000 
21.980000 ,-14.469130,-13.372175,7.997216  ,8.000000  ,0.007630  ,-0.045352 ,60.930000 
22.000000 ,-14.598516,-13.278142,7.997475  ,8.000000  ,0.006584  ,0.006002  ,61.020000 
22.000000 ,-14.598516,-13.278142,7.997475  ,8.000000  ,0.006584  ,-0.018025 ,61.020000 
22.020000 ,-14.728016,-13.184257,7.997709  ,8.000000  ,0.000000  ,0.013330  ,61.100000 
22.020000 ,-14.728016,-13.184257,7.997709  ,8.000000  ,0.000000  ,0.066294  ,61.100000 
22.040000 ,-14.857564,-13.090431,7.997922  ,8.000000  ,0.005919  ,-0.019011 ,61.190000 
22.040000 ,-14.857564,-13.090431,7.997922  ,8.000000  ,0.005919  ,0.027554  ,61.190000 
22.060000 ,-14.987279,-12.996829,7.998115  ,8.000000  ,0.006366  ,0.003487  ,61.270000 
22.060000 ,-14.987279,-12.996829,7.998115  ,8.000000  ,0.006366  ,-0.021564 ,61.270000 
22.080000 ,-15.117203,-12.903511,7.998290  ,8.000000  ,0.007687  ,-0.041046 ,61.270000 
22.080000 ,-15.117203,-12.903511,7.998290  ,8.000000  ,0.007687  ,-0.024877 ,61.270000 
22.100000 ,-15.247257,-12.810369,7.998448  ,8.000000  ,0.009316  ,-0.014136 ,61.360000 
22.100000 ,-15.247257,-12.810369,7.998448  ,8.000000  ,0.009316  ,-0.017658 ,61.360000 
22.120000 ,-15.377603,-12.717630,7.998593  ,8.000000  ,0.011684  ,0.038685  ,61.450000 
22.120000 ,-15.377603,-12.717630,7.998593  ,8.000000  ,0.011684  ,0.017126  ,61.450000 
22.140000 ,-15.508099,-12.625098,7.998723  ,8.000000  ,0.014527  ,0.004340  ,61.530000 
22.140000 ,-15.508099,-12.625098,7.998723  ,8.000000  ,0.014527  ,0.013099  ,61.530000 
22.160000 ,-15.638707,-12.532719,7.998842  ,8.000000  ,0.017763  ,0.062180  ,61.620000 
22.160000 ,-15.638707,-12.532719,7.998842  ,8.000000  ,0.017763  ,-0.003943 ,61.620000 
22.180000 ,-15.769494,-12.440591,7.998949  ,8.000000  ,0.021599  ,-0.030023 ,61.620000 
22.180000 ,-15.769494,-12.440591,7.998949  ,8.000000  ,0.021599  ,0.027285  ,61.620000 
22.200000 ,-15.900265,-12.348437,7.999047  ,8.000000  ,0.025449  ,0.049641  ,61.700000 
22.200000 ,-15.900265,-12.348437,7.999047  ,8.000000  ,0.025449  ,-0.046639 ,61.700000 
22.220000 ,-16.031071,-12.256327,7.999135  ,8.000000  ,0.029469  ,0.034459  ,61.790000 
22.220000 ,-16.031071,-12.256327,7.999135  ,8.000000  ,0.029469  ,-0.001055 ,61.790000 
22.240000 ,-16.161721,-12.163995,7.999216  ,8.000000  ,0.033309  ,-0.077863 ,61.880000 
22.240000 ,-16.161721,-12.163995,7.999216  ,8.000000  ,0.033309  ,0.049312  ,61.880000 
22.260000 ,-16.292382,-12.071675,7.999288  ,8.000000  ,0.037233  ,0.028141  ,61.960000 
22.260000 ,-16.292382,-12.071675,7.999288  ,8.000000  ,0.037233  ,0.016068  ,61.960000 
22.280000 ,-16.423008,-11.979303,7.999355  ,8.000000  ,0.041093  ,-0.001583 ,61.960000 
22.280000 ,-16.423008,-11.979303,7.999355  ,8.000000  ,0.041093  ,0.006483  ,61.960000 
22.300000 ,-16.553365,-11.886551,7.999414  ,8.000000  ,0.044473  ,-0.030925 ,62.050000 
22.300000 ,-16.553365,-11.886551,7.999414  ,8.000000  ,0.044473  ,-0.036429 ,62.050000 
22.320000 ,-16.683580,-11.793597,7.999469  ,8.000000  ,0.047562  ,0.006356  ,62.130000 
22.320000 ,-16.683580,-11.793597,7.999469  ,8.000000  ,0.047562  ,0.012060  ,62.130000 
22.340000 ,-16.813636,-11.700419,7.999518  ,8.000000  ,0.050304  ,-0.059017 ,62.220000 
22.340000 ,-16.813636,-11.700419,7.999518  ,8.000000  ,0.050304  ,0.037680  ,62.220000 
22.360000 ,-16.943389,-11.606817,7.999563  ,8.000000  ,0.052420  ,0.042141  ,62.310000 
22.360000 ,-16.943389,-11.606817,7.999563  ,8.000000  ,0.052420  ,-0.038535 ,62.310000 
22.380000 ,-17.072945,-11.512941,7.999603  ,8.000000  ,0.053838  ,0.033306  ,62.310000 
22.380000 ,-17.072945,-11.512941,7.999603  ,8.000000  ,0.053838  ,-0.001000 ,62.310000 
22.400000 ,-17.202160,-11.418597,7.999640  ,8.000000  ,0.054588  ,0.020994  ,62.390000 
22.400000 ,-17.202160,-11.418597,7.999640  ,8.000000  ,0.054588  ,0.005108  ,62.390000 
22.420000 ,-17.331246,-11.324074,7.999674  ,8.000000  ,0.054875  ,-0.012186 ,62.480000 
22.420000 ,-17.331246,-11.324074,7.999674  ,8.000000  ,0.054875  ,-0.037902 ,62.480000 
22.440000 ,-17.460297,-11.229502,7.999704  ,8.000000  ,0.054826  ,0.048851  ,62.560000 
22.440000 ,-17.460297,-11.229502,7.999704  ,8.000000  ,0.054826  ,-0.011673 ,62.560000 
22.460000 ,-17.589252,-11.134798,7.999731  ,8.000000  ,0.054294  ,0.027869  ,62.650000 
22.460000 ,-17.589252,-11.134798,7.999731  ,8.000000  ,0.054294  ,-0.066860 ,62.650000 
22.480000 ,-17.718184,-11.040062,7.999756  ,8.000000  ,0.052943  ,0.031151  ,62.650000 
22.480000 ,-17.718184,-11.040062,7.999756  ,8.000000  ,0.052943  ,-0.005330 ,62.650000 
22.500000 ,-17.847384,-10.945691,7.999779  ,8.000000  ,0.051875  ,0.030714  ,62.740000 
22.500000 ,-17.847384,-10.945691,7.999779  ,8.000000  ,0.051875  ,0.005831  ,62.740000 
22.520000 ,-17.976803,-10.851619,7.999800  ,8.000000  ,0.050729  ,-0.006040 ,62.820000 
22.520000 ,-17.976803,-10.851619,7.999800  ,8.000000  ,0.050729  ,-0.060734 ,62.820000 
22.540000 ,-18.106532,-10.757976,7.999818  ,8.000000  ,0.049635  ,0.015828  ,62.910000 
22.540000 ,-18.106532,-10.757976,7.999818  ,8.000000  ,0.049635  ,0.021103  ,62.910000 
22.560000 ,-18.236579,-10.664774,7.999835  ,8.000000  ,0.048581  ,-0.018760 ,62.990000 
22.560000 ,-18.236579,-10.664774,7.999835  ,8.000000  ,0.048581  ,-0.015069 ,62.990000 
22.580000 ,-18.367026,-10.572133,7.999850  ,8.000000  ,0.047147  ,-0.085511 ,62.990000 
22.580000 ,-18.367026,-10.572133,7.999850  ,8.000000  ,0.047147  ,0.000231  ,62.990000 
22.600000 ,-18.497908,-10.480106,7.999864  ,8.000000  ,0.046242  ,-0.058235 ,63.080000 
22.600000 ,-18.497908,-10.480106,7.999864  ,8.000000  ,0.046242  ,-0.017494 ,63.080000 
22.620000 ,-18.628914,-10.388254,7.999877  ,8.000000  ,0.044977  ,-0.109737 ,63.170000 
22.620000 ,-18.628914,-10.388254,7.999877  ,8.000000  ,0.044977  ,0.010958  ,63.170000 
22.640000 ,-18.759786,-10.296212,7.999888  ,8.000000  ,0.042892  ,0.036336  ,63.250000 
22.640000 ,-18.759786,-10.296212,7.999888  ,8.000000  ,0.042892  ,-0.013356 ,63.250000 
22.660000 ,-18.890535,-10.203995,7.999899  ,8.000000  ,0.039996  ,-0.017141 ,63.340000 
22.660000 ,-18.890535,-10.203995,7.999899  ,8.000000  ,0.039996  ,0.022743  ,63.340000 
22.680000 ,-19.020868,-10.111191,7.999908  ,8.000000  ,0.035216  ,0.053352  ,63.340000 
22.680000 ,-19.020868,-10.111191,7.999908  ,8.000000  ,0.035216  ,-0.006408 ,63.340000 
22.700000 ,-19.150822,-10.017856,7.999917  ,8.000000  ,0.029547  ,-0.084220 ,63.430000 
22.700000 ,-19.150822,-10.017856,7.999917  ,8.000000  ,0.029547  ,-0.014067 ,63.430000 
22.720000 ,-19.280557,-9.924217 ,7.999924  ,8.000000  ,0.022905  ,0.020700  ,63.510000 
22.720000 ,-19.280557,-9.924217 ,7.999924  ,8.000000  ,0.022905  ,-0.041046 ,63.510000 
22.740000 ,-19.410183,-9.830427 ,7.999931  ,8.000000  ,0.015484  ,0.010009  ,63.600000 
22.740000 ,-19.410183,-9.830427 ,7.999931  ,8.000000  ,0.015484  ,-0.048477 ,63.600000 
22.760000 ,-19.539556,-9.736287 ,7.999938  ,8.000000  ,0.007048  ,0.001501  ,63.680000 
22.760000 ,-19.539556,-9.736287 ,7.999938  ,8.000000  ,0.007048  ,-0.044055 ,63.680000 
22.780000 ,-19.668874,-9.642072 ,7.999944  ,8.000000  ,0.002547  ,-0.017835 ,63.680000 
22.780000 ,-19.668874,-9.642072 ,7.999944  ,8.000000  ,0.002547  ,0.041608  ,63.680000 
22.800000 ,-19.798266,-9.547959 ,7.999949  ,8.000000  ,0.012221  ,-0.046744 ,63.770000 
22.800000 ,-19.798266,-9.547959 ,7.999949  ,8.000000  ,0.012221  ,0.052986  ,63.770000 
22.820000 ,-19.927876,-9.454146 ,7.999954  ,8.000000  ,0.022044  ,0.000256  ,63.860000 
22.820000 ,-19.927876,-9.454146 ,7.999954  ,8.000000  ,0.022044  ,-0.036863 ,63.860000 
22.840000 ,-20.057636,-9.360539 ,7.999958  ,8.000000  ,0.032112  ,-0.010033 ,63.940000 
22.840000 ,-20.057636,-9.360539 ,7.999958  ,8.000000  ,0.032112  ,-0.029878 ,63.940000 
22.860000 ,-20.187689,-9.267341 ,7.999962  ,8.000000  ,0.042153  ,-0.042606 ,64.030000 
22.860000 ,-20.187689,-9.267341 ,7.999962  ,8.000000  ,0.042153  ,-0.034543 ,64.030000 
22.880000 ,-20.318233,-9.174832 ,7.999965  ,8.000000  ,0.052146  ,0.024417  ,64.030000 
22.880000 ,-20.318233,-9.174832 ,7.999965  ,8.000000  ,0.052146  ,0.005086  ,64.030000 
22.900000 ,-20.449259,-9.083007 ,7.999969  ,8.000000  ,0.061440  ,-0.008234 ,64.110000 
22.900000 ,-20.449259,-9.083007 ,7.999969  ,8.000000  ,0.061440  ,0.036677  ,64.110000 
22.920000 ,-20.580846,-8.991987 ,7.999972  ,7.946316  ,0.070113  ,0.036426  ,64.200000 
22.920000 ,-20.580846,-8.991987 ,7.999972  ,7.946316  ,0.070113  ,0.010329  ,64.200000 
22.940000 ,-20.713087,-8.902267 ,7.981502  ,7.770085  ,0.077660  ,0.039093  ,64.290000 
22.940000 ,-20.713087,-8.902267 ,7.981502  ,7.770085  ,0.077660  ,-0.005931 ,64.290000 
22.960000 ,-20.845283,-8.814165 ,7.908727  ,7.574495  ,0.084137  ,-0.015591 ,64.370000 
22.960000 ,-20.845283,-8.814165 ,7.908727  ,7.574495  ,0.084137  ,0.007673  ,64.370000 
22.980000 ,-20.976840,-8.728549 ,7.793676  ,7.581208  ,0.089202  ,-0.058121 ,64.370000 
22.980000 ,-20.976840,-8.728549 ,7.793676  ,7.581208  ,0.089202  ,-0.019854 ,64.370000 
23.000000 ,-21.107866,-8.645549 ,7.720540  ,7.460605  ,0.092344  ,-0.008147 ,64.460000 
23.000000 ,-21.107866,-8.645549 ,7.720540  ,7.460605  ,0.092344  ,0.029979  ,64.460000 
23.020000 ,-21.238382,-8.564814 ,7.631064  ,7.311787  ,0.093937  ,0.003674  ,64.540000 
23.020000 ,-21.238382,-8.564814 ,7.631064  ,7.311787  ,0.093937  ,0.034661  ,64.540000 
23.040000 ,-21.367907,-8.486299 ,7.521161  ,7.106271  ,0.094233  ,-0.102565 ,64.630000 
23.040000 ,-21.367907,-8.486299 ,7.521161  ,7.106271  ,0.094233  ,-0.043502 ,64.630000 
23.060000 ,-21.496008,-8.410358 ,7.378346  ,7.094014  ,0.093055  ,-0.019638 ,64.630000 
23.060000 ,-21.496008,-8.410358 ,7.378346  ,7.094014  ,0.093055  ,0.012858  ,64.630000 
23.080000 ,-21.622738,-8.336788 ,7.280472  ,6.978990  ,0.090540  ,-0.071655 ,64.720000 
23.080000 ,-21.622738,-8.336788 ,7.280472  ,6.978990  ,0.090540  ,-0.011553 ,64.720000 
23.100000 ,-21.748174,-8.265018 ,7.176695  ,6.812228  ,0.087111  ,-0.029727 ,64.800000 
23.100000 ,-21.748174,-8.265018 ,7.176695  ,6.812228  ,0.087111  ,-0.066140 ,64.800000 
23.120000 ,-21.872101,-8.195256 ,7.051237  ,6.583458  ,0.082664  ,-0.042791 ,64.890000 
23.120000 ,-21.872101,-8.195256 ,7.051237  ,6.583458  ,0.082664  ,-0.050247 ,64.890000 
23.140000 ,-21.993731,-8.127294 ,6.890216  ,6.613070  ,0.077756  ,-0.003394 ,64.890000 
23.140000 ,-21.993731,-8.127294 ,6.890216  ,6.613070  ,0.077756  ,0.011682  ,64.890000 
23.160000 ,-22.113362,-8.060940 ,6.794816  ,6.485588  ,0.072509  ,-0.021990 ,64.970000 
23.160000 ,-22.113362,-8.060940 ,6.794816  ,6.485588  ,0.072509  ,0.015444  ,64.970000 
23.180000 ,-22.231146,-7.995432 ,6.688372  ,6.236698  ,0.067459  ,-0.012604 ,65.060000 
23.180000 ,-22.231146,-7.995432 ,6.688372  ,6.236698  ,0.067459  ,0.052513  ,65.060000 
23.200000 ,-22.346490,-7.930978 ,6.532895  ,6.256691  ,0.062819  ,0.006737  ,65.060000 
23.200000 ,-22.346490,-7.930978 ,6.532895  ,6.256691  ,0.062819  ,-0.023280 ,65.060000 
23.220000 ,-22.459449,-7.867329 ,6.437819  ,6.122304  ,0.058725  ,-0.019196 ,65.150000 
23.220000 ,-22.459449,-7.867329 ,6.437819  ,6.122304  ,0.058725  ,-0.045719 ,65.150000 
23.240000 ,-22.570311,-7.804125 ,6.329211  ,5.871935  ,0.055345  ,0.052617  ,65.230000 
23.240000 ,-22.570311,-7.804125 ,6.329211  ,5.871935  ,0.055345  ,-0.018092 ,65.230000 
23.260000 ,-22.678533,-7.741716 ,6.171806  ,5.920265  ,0.052835  ,0.030509  ,65.230000 
23.260000 ,-22.678533,-7.741716 ,6.171806  ,5.920265  ,0.052835  ,0.047046  ,65.230000 
23.280000 ,-22.784350,-7.679950 ,6.085219  ,5.747366  ,0.050981  ,0.052098  ,65.320000 
23.280000 ,-22.784350,-7.679950 ,6.085219  ,5.747366  ,0.050981  ,-0.009734 ,65.320000 
23.300000 ,-22.888329,-7.619090 ,5.968922  ,5.700847  ,0.049480  ,0.028320  ,65.320000 
23.300000 ,-22.888329,-7.619090 ,5.968922  ,5.700847  ,0.049480  ,0.006939  ,65.320000 
23.320000 ,-22.990549,-7.559330 ,5.876645  ,5.590873  ,0.047956  ,-0.002294 ,65.400000 
23.320000 ,-22.990549,-7.559330 ,5.876645  ,5.590873  ,0.047956  ,-0.009993 ,65.400000 
23.340000 ,-23.091353,-7.500933 ,5.778275  ,5.362921  ,0.046026  ,-0.026740 ,65.490000 
23.340000 ,-23.091353,-7.500933 ,5.778275  ,5.362921  ,0.046026  ,-0.000609 ,65.490000 
23.360000 ,-23.190194,-7.444010 ,5.635300  ,5.401038  ,0.044138  ,0.000770  ,65.490000 
23.360000 ,-23.190194,-7.444010 ,5.635300  ,5.401038  ,0.044138  ,0.001031  ,65.490000 
23.380000 ,-23.287357,-7.388590 ,5.554662  ,5.221770  ,0.041739  ,-0.000515 ,65.580000 
23.380000 ,-23.287357,-7.388590 ,5.554662  ,5.221770  ,0.041739  ,-0.011158 ,65.580000 
23.400000 ,-23.383073,-7.334613 ,5.440072  ,5.221524  ,0.039111  ,-0.014994 ,65.580000 
23.400000 ,-23.383073,-7.334613 ,5.440072  ,5.221524  ,0.039111  ,-0.000615 ,65.580000 
23.420000 ,-23.477469,-7.282119 ,5.364843  ,5.085818  ,0.035830  ,0.035821  ,65.660000 
23.420000 ,-23.477469,-7.282119 ,5.364843  ,5.085818  ,0.035830  ,0.011894  ,65.660000 
23.440000 ,-23.570680,-7.231048 ,5.268796  ,5.053066  ,0.032173  ,0.007256  ,65.660000 
23.440000 ,-23.570680,-7.231048 ,5.268796  ,5.053066  ,0.032173  ,-0.081320 ,65.660000 
23.460000 ,-23.662659,-7.181250 ,5.194537  ,4.947222  ,0.028012  ,-0.005208 ,65.750000 
23.460000 ,-23.662659,-7.181250 ,5.194537  ,4.947222  ,0.028012  ,-0.017033 ,65.750000 
23.480000 ,-23.753606,-7.132912 ,5.109405  ,4.895305  ,0.023341  ,-0.007062 ,65.750000 
23.480000 ,-23.753606,-7.132912 ,5.109405  ,4.895305  ,0.023341  ,0.028807  ,65.750000 
23.500000 ,-23.843374,-7.085730 ,5.035706  ,4.803137  ,0.018245  ,-0.037145 ,65.830000 
23.500000 ,-23.843374,-7.085730 ,5.035706  ,4.803137  ,0.018245  ,-0.062592 ,65.830000 
23.520000 ,-23.931868,-7.039436 ,4.955650  ,4.763277  ,0.013236  ,-0.020976 ,65.830000 
23.520000 ,-23.931868,-7.039436 ,4.955650  ,4.763277  ,0.013236  ,0.066980  ,65.830000 
23.540000 ,-24.019022,-6.993721 ,4.889431  ,4.672955  ,0.008375  ,0.039797  ,65.920000 
23.540000 ,-24.019022,-6.993721 ,4.889431  ,4.672955  ,0.008375  ,-0.032794 ,65.920000 
23.560000 ,-24.104685,-6.948205 ,4.814915  ,4.635041  ,0.004288  ,-0.028845 ,65.920000 
23.560000 ,-24.104685,-6.948205 ,4.814915  ,4.635041  ,0.004288  ,-0.013847 ,65.920000 
23.580000 ,-24.189028,-6.903101 ,4.752998  ,4.537033  ,0.000476  ,-0.003987 ,66.010000 
23.580000 ,-24.189028,-6.903101 ,4.752998  ,4.537033  ,0.000476  ,-0.066682 ,66.010000 
23.600000 ,-24.272132,-6.858582 ,4.678657  ,4.526489  ,0.003039  ,0.017984  ,66.010000 
23.600000 ,-24.272132,-6.858582 ,4.678657  ,4.526489  ,0.003039  ,0.012466  ,66.010000 
23.620000 ,-24.353898,-6.814225 ,4.626277  ,4.425824  ,0.006064  ,0.031408  ,66.090000 
23.620000 ,-24.353898,-6.814225 ,4.626277  ,4.425824  ,0.006064  ,0.025399  ,66.090000 
23.640000 ,-24.434532,-6.770348 ,4.557276  ,4.419566  ,0.008782  ,0.061599  ,66.090000 
23.640000 ,-24.434532,-6.770348 ,4.557276  ,4.419566  ,0.008782  ,-0.027114 ,66.090000 
23.660000 ,-24.514374,-6.727428 ,4.509873  ,4.302296  ,0.011982  ,-0.003294 ,66.180000 
23.660000 ,-24.514374,-6.727428 ,4.509873  ,4.302296  ,0.011982  ,-0.022275 ,66.180000 
23.680000 ,-24.593668,-6.686044 ,4.438420  ,4.315951  ,0.016092  ,0.022363  ,66.180000 
23.680000 ,-24.593668,-6.686044 ,4.438420  ,4.315951  ,0.016092  ,0.006760  ,66.180000 
23.700000 ,-24.672511,-6.646232 ,4.396263  ,4.204157  ,0.021461  ,0.089559  ,66.270000 
23.700000 ,-24.672511,-6.646232 ,4.396263  ,4.204157  ,0.021461  ,0.007275  ,66.270000 
23.720000 ,-24.750743,-6.607650 ,4.330136  ,4.224448  ,0.027320  ,-0.001499 ,66.270000 
23.720000 ,-24.750743,-6.607650 ,4.330136  ,4.224448  ,0.027320  ,-0.052086 ,66.270000 
23.740000 ,-24.828569,-6.570545 ,4.293755  ,4.196758  ,0.034253  ,-0.009050 ,66.270000 
23.740000 ,-24.828569,-6.570545 ,4.293755  ,4.196758  ,0.034253  ,0.060607  ,66.270000 
23.760000 ,-24.906502,-6.535324 ,4.260367  ,4.124774  ,0.043019  ,0.030682  ,66.350000 
23.760000 ,-24.906502,-6.535324 ,4.260367  ,4.124774  ,0.043019  ,0.039391  ,66.350000 
23.780000 ,-24.984357,-6.501930 ,4.213693  ,4.112024  ,0.052577  ,-0.010766 ,66.350000 
23.780000 ,-24.984357,-6.501930 ,4.213693  ,4.112024  ,0.052577  ,-0.016381 ,66.350000 
23.800000 ,-25.062070,-6.470295 ,4.178696  ,4.027000  ,0.064664  ,0.039835  ,66.440000 
23.800000 ,-25.062070,-6.470295 ,4.178696  ,4.027000  ,0.064664  ,-0.034582 ,66.440000 
23.820000 ,-25.139355,-6.439964 ,4.126479  ,4.035874  ,0.074925  ,-0.039823 ,66.440000 
23.820000 ,-25.139355,-6.439964 ,4.126479  ,4.035874  ,0.074925  ,0.052588  ,66.440000 
23.840000 ,-25.216121,-6.410570 ,4.095290  ,3.950163  ,0.089774  ,0.014376  ,66.520000 
23.840000 ,-25.216121,-6.410570 ,4.095290  ,3.950163  ,0.089774  ,0.058364  ,66.520000 
23.860000 ,-25.292275,-6.381878 ,4.045334  ,3.969920  ,0.097175  ,0.026072  ,66.520000 
23.860000 ,-25.292275,-6.381878 ,4.045334  ,3.969920  ,0.097175  ,0.033698  ,66.520000 
23.880000 ,-25.367707,-6.353387 ,4.019375  ,3.946117  ,0.104443  ,0.010539  ,66.520000 
23.880000 ,-25.367707,-6.353387 ,4.019375  ,3.946117  ,0.104443  ,0.026803  ,66.520000 
23.900000 ,-25.442731,-6.325263 ,3.994158  ,3.887041  ,0.114766  ,-0.017342 ,66.610000 
23.900000 ,-25.442731,-6.325263 ,3.994158  ,3.887041  ,0.114766  ,0.018271  ,66.610000 
23.920000 ,-25.517368,-6.297899 ,3.957285  ,3.882805  ,0.116828  ,-0.067498 ,66.610000 
23.920000 ,-25.517368,-6.297899 ,3.957285  ,3.882805  ,0.116828  ,-0.053922 ,66.610000 
23.940000 ,-25.591754,-6.271669 ,3.931647  ,3.819341  ,0.126845  ,-0.025895 ,66.700000 
23.940000 ,-25.591754,-6.271669 ,3.931647  ,3.819341  ,0.126845  ,0.018815  ,66.700000 
23.960000 ,-25.665937,-6.246848 ,3.892989  ,3.833038  ,0.123276  ,0.078245  ,66.700000 
23.960000 ,-25.665937,-6.246848 ,3.892989  ,3.833038  ,0.123276  ,0.042389  ,66.700000 
23.980000 ,-25.739893,-6.223211 ,3.872352  ,3.808952  ,0.120785  ,-0.004405 ,66.700000 
23.980000 ,-25.739893,-6.223211 ,3.872352  ,3.808952  ,0.120785  ,-0.057184 ,66.700000 
24.000000 ,-25.813907,-6.201210 ,3.850528  ,3.780767  ,0.122727  ,0.027593  ,66.780000 
24.000000 ,-25.813907,-6.201210 ,3.850528  ,3.780767  ,0.122727  ,0.031343  ,66.780000 
24.020000 ,-25.888097,-6.181534 ,3.826515  ,3.767789  ,0.114967  ,0.002200  ,66.780000 
24.020000 ,-25.888097,-6.181534 ,3.826515  ,3.767789  ,0.114967  ,-0.012758 ,66.780000 
24.040000 ,-25.962569,-6.164880 ,3.806300  ,3.733468  ,0.117364  ,0.017296  ,66.870000 
24.040000 ,-25.962569,-6.164880 ,3.806300  ,3.733468  ,0.117364  ,-0.002075 ,66.870000 
24.060000 ,-26.037316,-6.151977 ,3.781230  ,3.736493  ,0.106910  ,0.040857  ,66.870000 
24.060000 ,-26.037316,-6.151977 ,3.781230  ,3.736493  ,0.106910  ,-0.018392 ,66.870000 
24.080000 ,-26.112257,-6.143212 ,3.765830  ,3.701638  ,0.111882  ,-0.035045 ,66.950000 
24.080000 ,-26.112257,-6.143212 ,3.765830  ,3.701638  ,0.111882  ,0.017743  ,66.950000 
24.100000 ,-26.187222,-6.139242 ,3.743734  ,3.709220  ,0.101226  ,-0.006125 ,66.950000 
24.100000 ,-26.187222,-6.139242 ,3.743734  ,3.709220  ,0.101226  ,0.050942  ,66.950000 
24.120000 ,-26.261951,-6.140280 ,3.731853  ,3.699227  ,0.095577  ,0.019613  ,66.950000 
24.120000 ,-26.261951,-6.140280 ,3.731853  ,3.699227  ,0.095577  ,-0.053161 ,66.950000 
24.140000 ,-26.336205,-6.146382 ,3.720623  ,3.685696  ,0.101811  ,0.022471  ,67.040000 
24.140000 ,-26.336205,-6.146382 ,3.720623  ,3.685696  ,0.101811  ,-0.006178 ,67.040000 
24.160000 ,-26.409673,-6.157293 ,3.708600  ,3.685848  ,0.097273  ,-0.043868 ,67.040000 
24.160000 ,-26.409673,-6.157293 ,3.708600  ,3.685848  ,0.097273  ,-0.004374 ,67.040000 
24.180000 ,-26.482119,-6.172750 ,3.700768  ,3.684089  ,0.097395  ,-0.008016 ,67.040000 
24.180000 ,-26.482119,-6.172750 ,3.700768  ,3.684089  ,0.097395  ,0.031627  ,67.040000 
24.200000 ,-26.553241,-6.192973 ,3.695027  ,3.676110  ,0.105299  ,-0.030457 ,67.130000 
24.200000 ,-26.553241,-6.192973 ,3.695027  ,3.676110  ,0.105299  ,0.002119  ,67.130000 
24.220000 ,-26.622883,-6.217462 ,3.688515  ,3.671937  ,0.106142  ,-0.042250 ,67.130000 
24.220000 ,-26.622883,-6.217462 ,3.688515  ,3.671937  ,0.106142  ,-0.044888 ,67.130000 
24.240000 ,-26.691023,-6.245553 ,3.682809  ,3.672417  ,0.118371  ,0.029830  ,67.210000 
24.240000 ,-26.691023,-6.245553 ,3.682809  ,3.672417  ,0.118371  ,-0.046387 ,67.210000 
24.260000 ,-26.757771,-6.276595 ,3.679232  ,3.670588  ,0.117726  ,-0.063757 ,67.210000 
24.260000 ,-26.757771,-6.276595 ,3.679232  ,3.670588  ,0.117726  ,0.055200  ,67.210000 
24.280000 ,-26.823243,-6.310105 ,3.676256  ,3.673406  ,0.119857  ,0.055332  ,67.210000 
24.280000 ,-26.823243,-6.310105 ,3.676256  ,3.673406  ,0.119857  ,-0.013624 ,67.210000 
24.300000 ,-26.887354,-6.346072 ,3.675275  ,3.671026  ,0.127898  ,0.023059  ,67.300000 
24.300000 ,-26.887354,-6.346072 ,3.675275  ,3.671026  ,0.127898  ,-0.002966 ,67.300000 
24.320000 ,-26.950244,-6.384087 ,3.673812  ,3.668608  ,0.127032  ,0.019041  ,67.300000 
24.320000 ,-26.950244,-6.384087 ,3.673812  ,3.668608  ,0.127032  ,0.002394  ,67.300000 
24.340000 ,-27.011823,-6.424132 ,3.672021  ,3.672131  ,0.134867  ,-0.011788 ,67.380000 
24.340000 ,-27.011823,-6.424132 ,3.672021  ,3.672131  ,0.134867  ,-0.027926 ,67.380000 
24.360000 ,-27.072145,-6.466017 ,3.672031  ,3.669777  ,0.131798  ,0.078966  ,67.380000 
24.360000 ,-27.072145,-6.466017 ,3.672031  ,3.669777  ,0.131798  ,0.004051  ,67.380000 
24.380000 ,-27.131372,-6.509425 ,3.671255  ,3.667508  ,0.130603  ,-0.027578 ,67.380000 
24.380000 ,-27.131372,-6.509425 ,3.671255  ,3.667508  ,0.130603  ,-0.043918 ,67.380000 
24.400000 ,-27.189259,-6.554567 ,3.669966  ,3.672162  ,0.134374  ,-0.018581 ,67.470000 
24.400000 ,-27.189259,-6.554567 ,3.669966  ,3.672162  ,0.134374  ,0.002366  ,67.470000 
24.420000 ,-27.245585,-6.601628 ,3.670169  ,3.669882  ,0.132089  ,0.037677  ,67.470000 
24.420000 ,-27.245585,-6.601628 ,3.670169  ,3.669882  ,0.132089  ,0.022291  ,67.470000 
24.440000 ,-27.300465,-6.650368 ,3.670070  ,3.680431  ,0.138293  ,-0.024563 ,67.560000 
24.440000 ,-27.300465,-6.650368 ,3.670070  ,3.680431  ,0.138293  ,-0.020797 ,67.560000 
24.460000 ,-27.353690,-6.700923 ,3.671032  ,3.675674  ,0.134731  ,-0.029200 ,67.560000 
24.460000 ,-27.353690,-6.700923 ,3.671032  ,3.675674  ,0.134731  ,0.040842  ,67.560000 
24.480000 ,-27.405053,-6.753386 ,3.671463  ,3.675932  ,0.133834  ,0.068059  ,67.560000 
24.480000 ,-27.405053,-6.753386 ,3.671463  ,3.675932  ,0.133834  ,0.013196  ,67.560000 
24.500000 ,-27.454196,-6.807945 ,3.671878  ,3.691571  ,0.140410  ,-0.007582 ,67.640000 
24.500000 ,-27.454196,-6.807945 ,3.671878  ,3.691571  ,0.140410  ,0.002875  ,67.640000 
24.520000 ,-27.501187,-6.864398 ,3.673706  ,3.689310  ,0.137891  ,0.011619  ,67.640000 
24.520000 ,-27.501187,-6.864398 ,3.673706  ,3.689310  ,0.137891  ,0.002469  ,67.640000 
24.540000 ,-27.545886,-6.922723 ,3.675155  ,3.720614  ,0.147525  ,0.037769  ,67.730000 
24.540000 ,-27.545886,-6.922723 ,3.675155  ,3.720614  ,0.147525  ,-0.014336 ,67.730000 
24.560000 ,-27.587997,-6.983012 ,3.679375  ,3.709679  ,0.142646  ,0.032791  ,67.730000 
24.560000 ,-27.587997,-6.983012 ,3.679375  ,3.709679  ,0.142646  ,0.025667  ,67.730000 
24.580000 ,-27.627574,-7.045078 ,3.682189  ,3.716656  ,0.140857  ,0.000455  ,67.730000 
24.580000 ,-27.627574,-7.045078 ,3.682189  ,3.716656  ,0.140857  ,-0.001015 ,67.730000 
24.600000 ,-27.664290,-7.108946 ,3.685389  ,3.748926  ,0.147470  ,0.060644  ,67.810000 
24.600000 ,-27.664290,-7.108946 ,3.685389  ,3.748926  ,0.147470  ,-0.000692 ,67.810000 
24.620000 ,-27.698056,-7.174525 ,3.691287  ,3.748028  ,0.143576  ,-0.025994 ,67.810000 
24.620000 ,-27.698056,-7.174525 ,3.691287  ,3.748028  ,0.143576  ,0.036761  ,67.810000 
24.640000 ,-27.728971,-7.241618 ,3.696555  ,3.803759  ,0.152463  ,-0.056930 ,67.900000 
24.640000 ,-27.728971,-7.241618 ,3.696555  ,3.803759  ,0.152463  ,-0.040051 ,67.900000 
24.660000 ,-27.756762,-7.310228 ,3.706508  ,3.788230  ,0.146237  ,0.042123  ,67.900000 
24.660000 ,-27.756762,-7.310228 ,3.706508  ,3.788230  ,0.146237  ,0.054482  ,67.900000 
24.680000 ,-27.781574,-7.380158 ,3.714095  ,3.801735  ,0.143247  ,0.003991  ,67.900000 
24.680000 ,-27.781574,-7.380158 ,3.714095  ,3.801735  ,0.143247  ,0.033524  ,67.900000 
24.700000 ,-27.803319,-7.451265 ,3.722231  ,3.846784  ,0.148280  ,-0.027263 ,67.990000 
24.700000 ,-27.803319,-7.451265 ,3.722231  ,3.846784  ,0.148280  ,0.063265  ,67.990000 
24.720000 ,-27.821746,-7.523507 ,3.733795  ,3.849623  ,0.142602  ,0.062668  ,67.990000 
24.720000 ,-27.821746,-7.523507 ,3.733795  ,3.849623  ,0.142602  ,-0.091657 ,67.990000 
24.740000 ,-27.837185,-7.596676 ,3.744548  ,3.923117  ,0.149126  ,0.033021  ,68.070000 
24.740000 ,-27.837185,-7.596676 ,3.744548  ,3.923117  ,0.149126  ,0.000888  ,68.070000 
24.760000 ,-27.849604,-7.670694 ,3.761126  ,3.903719  ,0.139845  ,0.004911  ,68.070000 
24.760000 ,-27.849604,-7.670694 ,3.761126  ,3.903719  ,0.139845  ,0.001150  ,68.070000 
24.780000 ,-27.858823,-7.745478 ,3.774364  ,3.932203  ,0.133791  ,0.012346  ,68.070000 
24.780000 ,-27.858823,-7.745478 ,3.774364  ,3.932203  ,0.133791  ,-0.019818 ,68.070000 
24.800000 ,-27.864621,-7.820885 ,3.789018  ,3.976603  ,0.134507  ,0.064019  ,68.160000 
24.800000 ,-27.864621,-7.820885 ,3.789018  ,3.976603  ,0.134507  ,-0.005681 ,68.160000 
24.820000 ,-27.867206,-7.896792 ,3.806433  ,3.989378  ,0.125682  ,0.009978  ,68.160000 
24.820000 ,-27.867206,-7.896792 ,3.806433  ,3.989378  ,0.125682  ,-0.034735 ,68.160000 
24.840000 ,-27.866548,-7.973084 ,3.823418  ,4.064698  ,0.125916  ,0.010195  ,68.240000 
24.840000 ,-27.866548,-7.973084 ,3.823418  ,4.064698  ,0.125916  ,0.002636  ,68.240000 
24.860000 ,-27.862599,-8.049672 ,3.845818  ,4.050770  ,0.116113  ,-0.046749 ,68.240000 
24.860000 ,-27.862599,-8.049672 ,3.845818  ,4.050770  ,0.116113  ,-0.039620 ,68.240000 
24.880000 ,-27.855811,-8.126478 ,3.864845  ,4.079222  ,0.109064  ,-0.005304 ,68.240000 
24.880000 ,-27.855811,-8.126478 ,3.864845  ,4.079222  ,0.109064  ,0.027901  ,68.240000 
24.900000 ,-27.846735,-8.203441 ,3.884748  ,4.133858  ,0.105594  ,-0.073242 ,68.330000 
24.900000 ,-27.846735,-8.203441 ,3.884748  ,4.133858  ,0.105594  ,0.028353  ,68.330000 
24.920000 ,-27.835945,-8.280618 ,3.907875  ,4.151717  ,0.097304  ,-0.031208 ,68.330000 
24.920000 ,-27.835945,-8.280618 ,3.907875  ,4.151717  ,0.097304  ,-0.010167 ,68.330000 
24.940000 ,-27.824054,-8.358097 ,3.930513  ,4.249068  ,0.092226  ,0.094813  ,68.420000 
24.940000 ,-27.824054,-8.358097 ,3.930513  ,4.249068  ,0.092226  ,0.004333  ,68.420000 
24.960000 ,-27.811209,-8.435954 ,3.960087  ,4.221501  ,0.082889  ,0.101662  ,68.420000 
24.960000 ,-27.811209,-8.435954 ,3.960087  ,4.221501  ,0.082889  ,0.012040  ,68.420000 
24.980000 ,-27.797455,-8.514201 ,3.984357  ,4.269779  ,0.074315  ,-0.068436 ,68.420000 
24.980000 ,-27.797455,-8.514201 ,3.984357  ,4.269779  ,0.074315  ,-0.007051 ,68.420000 
25.000000 ,-27.782603,-8.592764 ,4.010855  ,4.320124  ,0.067192  ,-0.069968 ,68.500000 
25.000000 ,-27.782603,-8.592764 ,4.010855  ,4.320124  ,0.067192  ,-0.061441 ,68.500000 
25.020000 ,-27.766447,-8.671634 ,4.039567  ,4.343966  ,0.058899  ,0.001182  ,68.500000 
25.020000 ,-27.766447,-8.671634 ,4.039567  ,4.343966  ,0.058899  ,0.010962  ,68.500000 
25.040000 ,-27.749426,-8.750904 ,4.067827  ,4.443502  ,0.052335  ,-0.075487 ,68.590000 
25.040000 ,-27.749426,-8.750904 ,4.067827  ,4.443502  ,0.052335  ,0.017923  ,68.590000 
25.060000 ,-27.731527,-8.830629 ,4.102705  ,4.422457  ,0.044041  ,0.014825  ,68.590000 
25.060000 ,-27.731527,-8.830629 ,4.102705  ,4.422457  ,0.044041  ,-0.021277 ,68.590000 
25.080000 ,-27.712416,-8.910735 ,4.132390  ,4.589307  ,0.038374  ,-0.026708 ,68.670000 
25.080000 ,-27.712416,-8.910735 ,4.132390  ,4.589307  ,0.038374  ,-0.045841 ,68.670000 
25.100000 ,-27.692257,-8.991328 ,4.174810  ,4.535911  ,0.030556  ,-0.080297 ,68.670000 
25.100000 ,-27.692257,-8.991328 ,4.174810  ,4.535911  ,0.030556  ,0.035198  ,68.670000 
25.120000 ,-27.670663,-9.072334 ,4.208334  ,4.574407  ,0.023954  ,-0.029896 ,68.670000 
25.120000 ,-27.670663,-9.072334 ,4.208334  ,4.574407  ,0.023954  ,0.021492  ,68.670000 
25.140000 ,-27.647627,-9.153644 ,4.242320  ,4.671562  ,0.019356  ,0.000109  ,68.760000 
25.140000 ,-27.647627,-9.153644 ,4.242320  ,4.671562  ,0.019356  ,0.041614  ,68.760000 
25.160000 ,-27.623400,-9.235378 ,4.282170  ,4.669297  ,0.013556  ,-0.022747 ,68.760000 
25.160000 ,-27.623400,-9.235378 ,4.282170  ,4.669297  ,0.013556  ,0.009439  ,68.760000 
25.180000 ,-27.597571,-9.317414 ,4.318111  ,4.825845  ,0.010395  ,-0.005525 ,68.850000 
25.180000 ,-27.597571,-9.317414 ,4.318111  ,4.825845  ,0.010395  ,0.013406  ,68.850000 
25.200000 ,-27.570067,-9.399781 ,4.365248  ,4.784218  ,0.005959  ,0.005156  ,68.850000 
25.200000 ,-27.570067,-9.399781 ,4.365248  ,4.784218  ,0.005959  ,0.071569  ,68.850000 
25.220000 ,-27.540821,-9.482459 ,4.404145  ,4.969904  ,0.004746  ,-0.010854 ,68.930000 
25.220000 ,-27.540821,-9.482459 ,4.404145  ,4.969904  ,0.004746  ,-0.003583 ,68.930000 
25.240000 ,-27.509765,-9.565452 ,4.456670  ,4.903180  ,0.001846  ,0.034715  ,68.930000 
25.240000 ,-27.509765,-9.565452 ,4.456670  ,4.903180  ,0.001846  ,0.026907  ,68.930000 
25.260000 ,-27.476967,-9.648781 ,4.498123  ,4.951094  ,0.000431  ,0.003460  ,68.930000 
25.260000 ,-27.476967,-9.648781 ,4.498123  ,4.951094  ,0.000431  ,-0.017639 ,68.930000 
25.280000 ,-27.442418,-9.732305 ,4.540177  ,5.056058  ,0.001088  ,-0.006535 ,69.020000 
25.280000 ,-27.442418,-9.732305 ,4.540177  ,5.056058  ,0.001088  ,-0.007682 ,69.020000 
25.300000 ,-27.406088,-9.816052 ,4.588070  ,5.074949  ,0.001161  ,0.006147  ,69.020000 
25.300000 ,-27.406088,-9.816052 ,4.588070  ,5.074949  ,0.001161  ,0.019246  ,69.020000 
25.320000 ,-27.368160,-9.900109 ,4.633272  ,5.184903  ,0.003411  ,0.004626  ,69.100000 
25.320000 ,-27.368160,-9.900109 ,4.633272  ,5.184903  ,0.003411  ,0.028522  ,69.100000 
25.340000 ,-27.328636,-9.984495 ,4.684485  ,5.185256  ,0.004475  ,0.005899  ,69.100000 
25.340000 ,-27.328636,-9.984495 ,4.684485  ,5.185256  ,0.004475  ,0.038872  ,69.100000 
25.360000 ,-27.287657,-10.069270,4.730976  ,5.320984  ,0.007799  ,0.014432  ,69.190000 
25.360000 ,-27.287657,-10.069270,4.730976  ,5.320984  ,0.007799  ,0.027862  ,69.190000 
25.380000 ,-27.245361,-10.154528,4.785752  ,5.300851  ,0.009254  ,-0.029765 ,69.190000 
25.380000 ,-27.245361,-10.154528,4.785752  ,5.300851  ,0.009254  ,0.011657  ,69.190000 
25.400000 ,-27.201670,-10.240233,4.833573  ,5.438790  ,0.013068  ,-0.053999 ,69.280000 
25.400000 ,-27.201670,-10.240233,4.833573  ,5.438790  ,0.013068  ,0.011540  ,69.280000 
25.420000 ,-27.156658,-10.326428,4.889761  ,5.412381  ,0.014700  ,-0.061055 ,69.280000 
25.420000 ,-27.156658,-10.326428,4.889761  ,5.412381  ,0.014700  ,-0.005696 ,69.280000 
25.440000 ,-27.110689,-10.413301,4.938280  ,5.544881  ,0.018321  ,0.011958  ,69.360000 
25.440000 ,-27.110689,-10.413301,4.938280  ,5.544881  ,0.018321  ,0.049237  ,69.360000 
25.460000 ,-27.063955,-10.500956,4.994596  ,5.523910  ,0.018839  ,-0.059375 ,69.360000 
25.460000 ,-27.063955,-10.500956,4.994596  ,5.523910  ,0.018839  ,0.008803  ,69.360000 
25.480000 ,-27.016509,-10.589427,5.043737  ,5.638214  ,0.021125  ,0.034274  ,69.450000 
25.480000 ,-27.016509,-10.589427,5.043737  ,5.638214  ,0.021125  ,0.013784  ,69.450000 
25.500000 ,-26.968157,-10.678594,5.098928  ,5.625270  ,0.020209  ,-0.044927 ,69.450000 
25.500000 ,-26.968157,-10.678594,5.098928  ,5.625270  ,0.020209  ,-0.037340 ,69.450000 
25.520000 ,-26.919137,-10.768581,5.147793  ,5.719322  ,0.020999  ,-0.080792 ,69.540000 
25.520000 ,-26.919137,-10.768581,5.147793  ,5.719322  ,0.020999  ,-0.007487 ,69.540000 
25.540000 ,-26.869194,-10.859226,5.200853  ,5.706640  ,0.018398  ,-0.040706 ,69.540000 
25.540000 ,-26.869194,-10.859226,5.200853  ,5.706640  ,0.018398  ,-0.015914 ,69.540000 
25.560000 ,-26.818338,-10.950507,5.247810  ,5.792967  ,0.017707  ,0.010824  ,69.620000 
25.560000 ,-26.818338,-10.950507,5.247810  ,5.792967  ,0.017707  ,-0.074893 ,69.620000 
25.580000 ,-26.766525,-11.042371,5.298422  ,5.787273  ,0.013494  ,-0.030643 ,69.620000 
25.580000 ,-26.766525,-11.042371,5.298422  ,5.787273  ,0.013494  ,0.052538  ,69.620000 
25.600000 ,-26.713248,-11.134503,5.343806  ,5.857708  ,0.011634  ,-0.046616 ,69.710000 
25.600000 ,-26.713248,-11.134503,5.343806  ,5.857708  ,0.011634  ,-0.060043 ,69.710000 
25.620000 ,-26.658112,-11.226621,5.391516  ,5.860113  ,0.007197  ,0.020592  ,69.710000 
25.620000 ,-26.658112,-11.226621,5.391516  ,5.860113  ,0.007197  ,-0.038179 ,69.710000 
25.640000 ,-26.601146,-11.318693,5.435020  ,5.918785  ,0.005218  ,0.026608  ,69.790000 
25.640000 ,-26.601146,-11.318693,5.435020  ,5.918785  ,0.005218  ,0.001014  ,69.790000 
25.660000 ,-26.542171,-11.410542,5.479933  ,5.931047  ,0.000859  ,-0.048090 ,69.790000 
25.660000 ,-26.542171,-11.410542,5.479933  ,5.931047  ,0.000859  ,0.019329  ,69.790000 
25.680000 ,-26.480700,-11.501788,5.521814  ,5.981252  ,0.000744  ,0.023636  ,69.880000 
25.680000 ,-26.480700,-11.501788,5.521814  ,5.981252  ,0.000744  ,0.033713  ,69.880000 
25.700000 ,-26.416581,-11.592231,5.564467  ,6.007626  ,0.003791  ,-0.029007 ,69.880000 
25.700000 ,-26.416581,-11.592231,5.564467  ,6.007626  ,0.003791  ,0.074793  ,69.880000 
25.720000 ,-26.349927,-11.681868,5.605610  ,6.050079  ,0.004764  ,-0.019181 ,69.970000 
25.720000 ,-26.349927,-11.681868,5.605610  ,6.050079  ,0.004764  ,-0.000219 ,69.970000 
25.740000 ,-26.280457,-11.770390,5.646874  ,6.154318  ,0.003410  ,-0.066095 ,70.050000 
25.740000 ,-26.280457,-11.770390,5.646874  ,6.154318  ,0.003410  ,-0.021977 ,70.050000 
25.760000 ,-26.208318,-11.857901,5.693984  ,6.134988  ,0.007243  ,-0.025128 ,70.050000 
25.760000 ,-26.208318,-11.857901,5.693984  ,6.134988  ,0.007243  ,-0.003543 ,70.050000 
25.780000 ,-26.133604,-11.944390,5.734927  ,6.228295  ,0.006216  ,-0.027634 ,70.140000 
25.780000 ,-26.133604,-11.944390,5.734927  ,6.228295  ,0.006216  ,-0.023345 ,70.140000 
25.800000 ,-26.056505,-12.029933,5.780731  ,6.235492  ,0.010376  ,0.038224  ,70.140000 
25.800000 ,-26.056505,-12.029933,5.780731  ,6.235492  ,0.010376  ,0.017826  ,70.140000 
25.820000 ,-25.977088,-12.114540,5.822950  ,6.309840  ,0.011324  ,0.019913  ,70.220000 
25.820000 ,-25.977088,-12.114540,5.822950  ,6.309840  ,0.011324  ,-0.032824 ,70.220000 
25.840000 ,-25.895436,-12.198218,5.868153  ,6.356250  ,0.016806  ,-0.017865 ,70.220000 
25.840000 ,-25.895436,-12.198218,5.868153  ,6.356250  ,0.016806  ,-0.047111 ,70.220000 
25.860000 ,-25.811368,-12.280765,5.913467  ,6.422438  ,0.020637  ,0.080845  ,70.310000 
25.860000 ,-25.811368,-12.280765,5.913467  ,6.422438  ,0.020637  ,-0.029726 ,70.310000 
25.880000 ,-25.724946,-12.362201,5.960719  ,6.513764  ,0.024262  ,-0.051017 ,70.400000 
25.880000 ,-25.724946,-12.362201,5.960719  ,6.513764  ,0.024262  ,-0.029975 ,70.400000 
25.900000 ,-25.636157,-12.442525,6.012064  ,6.513315  ,0.034210  ,-0.028004 ,70.400000 
25.900000 ,-25.636157,-12.442525,6.012064  ,6.513315  ,0.034210  ,0.015478  ,70.400000 
25.920000 ,-25.544798,-12.521421,6.058599  ,6.394442  ,0.040362  ,-0.000263 ,70.480000 
25.920000 ,-25.544798,-12.521421,6.058599  ,6.394442  ,0.040362  ,-0.027667 ,70.480000 
25.940000 ,-25.451260,-12.598941,6.089778  ,6.337933  ,0.049970  ,-0.005770 ,70.480000 
25.940000 ,-25.451260,-12.598941,6.089778  ,6.337933  ,0.049970  ,0.001944  ,70.480000 
25.960000 ,-25.355944,-12.675135,6.112817  ,6.229701  ,0.057874  ,0.066235  ,70.570000 
25.960000 ,-25.355944,-12.675135,6.112817  ,6.229701  ,0.057874  ,0.010726  ,70.570000 
25.980000 ,-25.259109,-12.749943,6.123668  ,5.970483  ,0.065653  ,-0.038150 ,70.650000 
25.980000 ,-25.259109,-12.749943,6.123668  ,5.970483  ,0.065653  ,-0.024029 ,70.650000 
26.000000 ,-25.161382,-12.822833,6.070938  ,5.984148  ,0.075509  ,-0.013750 ,70.650000 
26.000000 ,-25.161382,-12.822833,6.070938  ,5.984148  ,0.075509  ,0.023231  ,70.650000 
26.020000 ,-25.062863,-12.893259,6.041063  ,5.822710  ,0.082511  ,0.005236  ,70.740000 
26.020000 ,-25.062863,-12.893259,6.041063  ,5.822710  ,0.082511  ,-0.020446 ,70.740000 
26.040000 ,-24.964069,-12.961426,5.965901  ,5.769471  ,0.089432  ,-0.019044 ,70.740000 
26.040000 ,-24.964069,-12.961426,5.965901  ,5.769471  ,0.089432  ,-0.020946 ,70.740000 
26.060000 ,-24.865548,-13.027462,5.898285  ,5.677741  ,0.094737  ,0.024416  ,70.830000 
26.060000 ,-24.865548,-13.027462,5.898285  ,5.677741  ,0.094737  ,-0.050359 ,70.830000 
26.080000 ,-24.767330,-13.091345,5.822368  ,5.494423  ,0.099128  ,-0.007663 ,70.910000 
26.080000 ,-24.767330,-13.091345,5.822368  ,5.494423  ,0.099128  ,0.032891  ,70.910000 
26.100000 ,-24.669868,-13.152874,5.709481  ,5.515239  ,0.101280  ,0.009652  ,70.910000 
26.100000 ,-24.669868,-13.152874,5.709481  ,5.515239  ,0.101280  ,-0.004010 ,70.910000 
26.120000 ,-24.573216,-13.212348,5.642619  ,5.384133  ,0.102566  ,-0.048635 ,71.000000 
26.120000 ,-24.573216,-13.212348,5.642619  ,5.384133  ,0.102566  ,-0.051903 ,71.000000 
26.140000 ,-24.477499,-13.270343,5.553642  ,5.369429  ,0.101318  ,0.041598  ,71.000000 
26.140000 ,-24.477499,-13.270343,5.553642  ,5.369429  ,0.101318  ,-0.005986 ,71.000000 
26.160000 ,-24.382871,-13.327220,5.490231  ,5.285065  ,0.100028  ,0.044327  ,71.080000 
26.160000 ,-24.382871,-13.327220,5.490231  ,5.285065  ,0.100028  ,0.074411  ,71.080000 
26.180000 ,-24.289531,-13.383628,5.419608  ,5.238981  ,0.096585  ,0.031597  ,71.080000 
26.180000 ,-24.289531,-13.383628,5.419608  ,5.238981  ,0.096585  ,-0.015861 ,71.080000 
26.200000 ,-24.197513,-13.439665,5.357432  ,5.183247  ,0.093510  ,-0.000290 ,71.170000 
26.200000 ,-24.197513,-13.439665,5.357432  ,5.183247  ,0.093510  ,-0.091764 ,71.170000 
26.220000 ,-24.107083,-13.495952,5.297473  ,5.030704  ,0.091677  ,-0.002097 ,71.260000 
26.220000 ,-24.107083,-13.495952,5.297473  ,5.030704  ,0.091677  ,-0.037559 ,71.260000 
26.240000 ,-24.018844,-13.552829,5.205645  ,5.072694  ,0.085163  ,0.028021  ,71.260000 
26.240000 ,-24.018844,-13.552829,5.205645  ,5.072694  ,0.085163  ,0.051010  ,71.260000 
26.260000 ,-23.932980,-13.610849,5.159880  ,4.954685  ,0.083987  ,0.100492  ,71.340000 
26.260000 ,-23.932980,-13.610849,5.159880  ,4.954685  ,0.083987  ,0.054461  ,71.340000 
26.280000 ,-23.849498,-13.670238,5.089247  ,4.976002  ,0.078357  ,0.015444  ,71.340000 
26.280000 ,-23.849498,-13.670238,5.089247  ,4.976002  ,0.078357  ,-0.035664 ,71.340000 
26.300000 ,-23.768258,-13.730871,5.050265  ,4.875903  ,0.078176  ,0.030920  ,71.430000 
26.300000 ,-23.768258,-13.730871,5.050265  ,4.875903  ,0.078176  ,0.026322  ,71.430000 
26.320000 ,-23.689438,-13.793012,4.990245  ,4.888999  ,0.073261  ,0.003079  ,71.430000 
26.320000 ,-23.689438,-13.793012,4.990245  ,4.888999  ,0.073261  ,0.000516  ,71.430000 
26.340000 ,-23.613258,-13.856916,4.955394  ,4.801591  ,0.074604  ,-0.026798 ,71.510000 
26.340000 ,-23.613258,-13.856916,4.955394  ,4.801591  ,0.074604  ,-0.006021 ,71.510000 
26.360000 ,-23.539685,-13.922480,4.902451  ,4.803269  ,0.071071  ,0.038738  ,71.510000 
26.360000 ,-23.539685,-13.922480,4.902451  ,4.803269  ,0.071071  ,0.019727  ,71.510000 
26.380000 ,-23.468824,-13.989719,4.868311  ,4.731443  ,0.074052  ,0.001498  ,71.600000 
26.380000 ,-23.468824,-13.989719,4.868311  ,4.731443  ,0.074052  ,0.041902  ,71.600000 
26.400000 ,-23.400976,-14.058854,4.821197  ,4.735972  ,0.072204  ,-0.051709 ,71.600000 
26.400000 ,-23.400976,-14.058854,4.821197  ,4.735972  ,0.072204  ,0.012612  ,71.600000 
26.420000 ,-23.335969,-14.129644,4.791861  ,4.666070  ,0.077320  ,0.001006  ,71.690000 
26.420000 ,-23.335969,-14.129644,4.791861  ,4.666070  ,0.077320  ,0.029710  ,71.690000 
26.440000 ,-23.273823,-14.201995,4.748561  ,4.679048  ,0.076853  ,0.053730  ,71.690000 
26.440000 ,-23.273823,-14.201995,4.748561  ,4.679048  ,0.076853  ,-0.089963 ,71.690000 
26.460000 ,-23.214533,-14.275857,4.724633  ,4.606634  ,0.083704  ,0.004253  ,71.770000 
26.460000 ,-23.214533,-14.275857,4.724633  ,4.606634  ,0.083704  ,0.030353  ,71.770000 
26.480000 ,-23.157951,-14.350998,4.684015  ,4.608628  ,0.084214  ,0.017961  ,71.770000 
26.480000 ,-23.157951,-14.350998,4.684015  ,4.608628  ,0.084214  ,-0.047451 ,71.770000 
26.500000 ,-23.103764,-14.427078,4.658065  ,4.550313  ,0.091952  ,-0.010922 ,71.860000 
26.500000 ,-23.103764,-14.427078,4.658065  ,4.550313  ,0.091952  ,0.031560  ,71.860000 
26.520000 ,-23.052094,-14.504124,4.620974  ,4.554772  ,0.092399  ,0.020468  ,71.860000 
26.520000 ,-23.052094,-14.504124,4.620974  ,4.554772  ,0.092399  ,0.042557  ,71.860000 
26.540000 ,-23.002645,-14.581915,4.598186  ,4.502720  ,0.100453  ,-0.007963 ,71.940000 
26.540000 ,-23.002645,-14.581915,4.598186  ,4.502720  ,0.100453  ,0.054274  ,71.940000 
26.560000 ,-22.955482,-14.660458,4.565324  ,4.511650  ,0.100418  ,0.005515  ,71.940000 
26.560000 ,-22.955482,-14.660458,4.565324  ,4.511650  ,0.100418  ,0.024739  ,71.940000 
26.580000 ,-22.910279,-14.739564,4.546848  ,4.499169  ,0.102353  ,-0.030447 ,71.940000 
26.580000 ,-22.910279,-14.739564,4.546848  ,4.499169  ,0.102353  ,-0.002327 ,71.940000 
26.600000 ,-22.867044,-14.819368,4.530436  ,4.462245  ,0.107276  ,0.004006  ,72.030000 
26.600000 ,-22.867044,-14.819368,4.530436  ,4.462245  ,0.107276  ,-0.007333 ,72.030000 
26.620000 ,-22.825509,-14.899616,4.506963  ,4.450554  ,0.108114  ,0.022257  ,72.030000 
26.620000 ,-22.825509,-14.899616,4.506963  ,4.450554  ,0.108114  ,0.007523  ,72.030000 
26.640000 ,-22.785788,-14.980302,4.487546  ,4.432267  ,0.112269  ,0.039025  ,72.120000 
26.640000 ,-22.785788,-14.980302,4.487546  ,4.432267  ,0.112269  ,0.030337  ,72.120000 
26.660000 ,-22.747391,-15.061204,4.468517  ,4.424567  ,0.111726  ,-0.029451 ,72.120000 
26.660000 ,-22.747391,-15.061204,4.468517  ,4.424567  ,0.111726  ,-0.032476 ,72.120000 
26.680000 ,-22.709877,-15.142143,4.453389  ,4.391062  ,0.114037  ,-0.045838 ,72.200000 
26.680000 ,-22.709877,-15.142143,4.453389  ,4.391062  ,0.114037  ,-0.016471 ,72.200000 
26.700000 ,-22.673547,-15.223216,4.431934  ,4.386497  ,0.111473  ,0.044588  ,72.200000 
26.700000 ,-22.673547,-15.223216,4.431934  ,4.386497  ,0.111473  ,-0.012982 ,72.200000 
26.720000 ,-22.638823,-15.304590,4.416293  ,4.355044  ,0.113099  ,0.020488  ,72.290000 
26.720000 ,-22.638823,-15.304590,4.416293  ,4.355044  ,0.113099  ,0.054974  ,72.290000 
26.740000 ,-22.605975,-15.386340,4.395210  ,4.355730  ,0.110423  ,0.003234  ,72.290000 
26.740000 ,-22.605975,-15.386340,4.395210  ,4.355730  ,0.110423  ,0.013071  ,72.290000 
26.760000 ,-22.574590,-15.468296,4.381620  ,4.339285  ,0.112638  ,0.027392  ,72.380000 
26.760000 ,-22.574590,-15.468296,4.381620  ,4.339285  ,0.112638  ,-0.014064 ,72.380000 
26.780000 ,-22.544146,-15.550307,4.367047  ,4.332341  ,0.108668  ,0.045794  ,72.380000 
26.780000 ,-22.544146,-15.550307,4.367047  ,4.332341  ,0.108668  ,-0.021367 ,72.380000 
26.800000 ,-22.514324,-15.632265,4.355101  ,4.332676  ,0.105273  ,-0.045000 ,72.380000 
26.800000 ,-22.514324,-15.632265,4.355101  ,4.332676  ,0.105273  ,-0.009895 ,72.380000 
26.820000 ,-22.485276,-15.714294,4.347382  ,4.312460  ,0.103458  ,0.016857  ,72.460000 
26.820000 ,-22.485276,-15.714294,4.347382  ,4.312460  ,0.103458  ,0.027705  ,72.460000 
26.840000 ,-22.456709,-15.796281,4.335361  ,4.311379  ,0.096662  ,-0.013472 ,72.460000 
26.840000 ,-22.456709,-15.796281,4.335361  ,4.311379  ,0.096662  ,0.017224  ,72.460000 
26.860000 ,-22.428887,-15.878311,4.327106  ,4.308675  ,0.092890  ,-0.039561 ,72.550000 
26.860000 ,-22.428887,-15.878311,4.327106  ,4.308675  ,0.092890  ,-0.067208 ,72.550000 
26.880000 ,-22.401855,-15.960452,4.320761  ,4.300517  ,0.082073  ,0.003533  ,72.550000 
26.880000 ,-22.401855,-15.960452,4.320761  ,4.300517  ,0.082073  ,-0.026091 ,72.550000 
26.900000 ,-22.375952,-16.042816,4.313793  ,4.293627  ,0.076533  ,-0.038699 ,72.630000 
26.900000 ,-22.375952,-16.042816,4.313793  ,4.293627  ,0.076533  ,-0.011928 ,72.630000 
26.920000 ,-22.351736,-16.125545,4.306851  ,4.289306  ,0.062423  ,-0.049923 ,72.630000 
26.920000 ,-22.351736,-16.125545,4.306851  ,4.289306  ,0.062423  ,-0.028976 ,72.630000 
26.940000 ,-22.329839,-16.208783,4.300812  ,4.288887  ,0.057058  ,-0.036699 ,72.720000 
26.940000 ,-22.329839,-16.208783,4.300812  ,4.288887  ,0.057058  ,0.036019  ,72.720000 
26.960000 ,-22.310989,-16.292658,4.296707  ,4.278562  ,0.041799  ,-0.018835 ,72.720000 
26.960000 ,-22.310989,-16.292658,4.296707  ,4.278562  ,0.041799  ,-0.013412 ,72.720000 
26.980000 ,-22.296035,-16.377205,4.290461  ,4.283057  ,0.030461  ,0.059224  ,72.720000 
26.980000 ,-22.296035,-16.377205,4.290461  ,4.283057  ,0.030461  ,-0.047508 ,72.720000 
27.000000 ,-22.285710,-16.462352,4.287912  ,4.282350  ,0.025851  ,-0.010892 ,72.810000 
27.000000 ,-22.285710,-16.462352,4.287912  ,4.282350  ,0.025851  ,0.038498  ,72.810000 
27.020000 ,-22.280043,-16.547892,4.285998  ,4.283541  ,0.016887  ,-0.004334 ,72.810000 
27.020000 ,-22.280043,-16.547892,4.285998  ,4.283541  ,0.016887  ,-0.058985 ,72.810000 
27.040000 ,-22.279464,-16.633587,4.285152  ,4.279163  ,0.017373  ,0.025042  ,72.890000 
27.040000 ,-22.279464,-16.633587,4.285152  ,4.279163  ,0.017373  ,0.001981  ,72.890000 
27.060000 ,-22.284467,-16.719106,4.283091  ,4.272403  ,0.011897  ,0.025623  ,72.890000 
27.060000 ,-22.284467,-16.719106,4.283091  ,4.272403  ,0.011897  ,-0.003040 ,72.890000 
27.080000 ,-22.295128,-16.804048,4.279412  ,4.277443  ,0.019009  ,-0.045839 ,72.980000 
27.080000 ,-22.295128,-16.804048,4.279412  ,4.277443  ,0.019009  ,0.015410  ,72.980000 
27.100000 ,-22.311070,-16.888118,4.278734  ,4.272915  ,0.017145  ,-0.003006 ,72.980000 
27.100000 ,-22.311070,-16.888118,4.278734  ,4.272915  ,0.017145  ,-0.055666 ,72.980000 
27.120000 ,-22.331846,-16.971099,4.276731  ,4.272361  ,0.020235  ,0.006520  ,72.980000 
27.120000 ,-22.331846,-16.971099,4.276731  ,4.272361  ,0.020235  ,-0.035721 ,72.980000 
27.140000 ,-22.357254,-17.052745,4.275227  ,4.273735  ,0.030165  ,-0.066900 ,73.060000 
27.140000 ,-22.357254,-17.052745,4.275227  ,4.273735  ,0.030165  ,0.001444  ,73.060000 
27.160000 ,-22.386758,-17.132984,4.274713  ,4.278396  ,0.034789  ,-0.006758 ,73.060000 
27.160000 ,-22.386758,-17.132984,4.274713  ,4.278396  ,0.034789  ,-0.028708 ,73.060000 
27.180000 ,-22.419617,-17.211909,4.275055  ,4.277622  ,0.047363  ,0.004138  ,73.150000 
27.180000 ,-22.419617,-17.211909,4.275055  ,4.277622  ,0.047363  ,0.026942  ,73.150000 
27.200000 ,-22.455241,-17.289634,4.275294  ,4.273389  ,0.050880  ,-0.060461 ,73.150000 
27.200000 ,-22.455241,-17.289634,4.275294  ,4.273389  ,0.050880  ,0.033100  ,73.150000 
27.220000 ,-22.493513,-17.366085,4.274638  ,4.293442  ,0.064011  ,-0.005545 ,73.240000 
27.220000 ,-22.493513,-17.366085,4.274638  ,4.293442  ,0.064011  ,0.028757  ,73.240000 
27.240000 ,-22.533752,-17.441534,4.276384  ,4.276041  ,0.064863  ,-0.026577 ,73.240000 
27.240000 ,-22.533752,-17.441534,4.276384  ,4.276041  ,0.064863  ,0.012280  ,73.240000 
27.260000 ,-22.575339,-17.516267,4.276266  ,4.297320  ,0.076023  ,-0.000650 ,73.320000 
27.260000 ,-22.575339,-17.516267,4.276266  ,4.297320  ,0.076023  ,0.107815  ,73.320000 
27.280000 ,-22.618186,-17.590308,4.278220  ,4.282612  ,0.072040  ,0.005695  ,73.320000 
27.280000 ,-22.618186,-17.590308,4.278220  ,4.282612  ,0.072040  ,-0.052169 ,73.320000 
27.300000 ,-22.661847,-17.663898,4.278628  ,4.290314  ,0.068988  ,0.031089  ,73.320000 
27.300000 ,-22.661847,-17.663898,4.278628  ,4.290314  ,0.068988  ,0.024712  ,73.320000 
27.320000 ,-22.706444,-17.736943,4.279713  ,4.296521  ,0.070011  ,0.033084  ,73.410000 
27.320000 ,-22.706444,-17.736943,4.279713  ,4.296521  ,0.070011  ,0.026971  ,73.410000 
27.340000 ,-22.752285,-17.809244,4.281273  ,4.298360  ,0.061855  ,0.018160  ,73.410000 
27.340000 ,-22.752285,-17.809244,4.281273  ,4.298360  ,0.061855  ,0.028654  ,73.410000 
27.360000 ,-22.799709,-17.880554,4.282860  ,4.327444  ,0.060543  ,-0.004527 ,73.490000 
27.360000 ,-22.799709,-17.880554,4.282860  ,4.327444  ,0.060543  ,-0.015403 ,73.490000 
27.380000 ,-22.848842,-17.950768,4.286999  ,4.320896  ,0.048853  ,0.006148  ,73.490000 
27.380000 ,-22.848842,-17.950768,4.286999  ,4.320896  ,0.048853  ,0.057669  ,73.490000 
27.400000 ,-22.900077,-18.019550,4.290146  ,4.352853  ,0.046601  ,-0.031992 ,73.580000 
27.400000 ,-22.900077,-18.019550,4.290146  ,4.352853  ,0.046601  ,-0.055527 ,73.580000 
27.420000 ,-22.953964,-18.086388,4.295968  ,4.334090  ,0.033596  ,0.045962  ,73.580000 
27.420000 ,-22.953964,-18.086388,4.295968  ,4.334090  ,0.033596  ,0.022087  ,73.580000 
27.440000 ,-23.011034,-18.150650,4.299507  ,4.348192  ,0.024640  ,-0.011893 ,73.580000 
27.440000 ,-23.011034,-18.150650,4.299507  ,4.348192  ,0.024640  ,-0.038472 ,73.580000 
27.460000 ,-23.071637,-18.211704,4.304027  ,4.381258  ,0.022374  ,-0.041757 ,73.670000 
27.460000 ,-23.071637,-18.211704,4.304027  ,4.381258  ,0.022374  ,0.031862  ,73.670000 
27.480000 ,-23.135583,-18.269423,4.311197  ,4.386573  ,0.016095  ,0.068600  ,73.670000 
27.480000 ,-23.135583,-18.269423,4.311197  ,4.386573  ,0.016095  ,-0.047401 ,73.670000 
27.500000 ,-23.202702,-18.323642,4.318195  ,4.418776  ,0.018275  ,0.021314  ,73.750000 
27.500000 ,-23.202702,-18.323642,4.318195  ,4.418776  ,0.018275  ,-0.012184 ,73.750000 
27.520000 ,-23.273115,-18.373789,4.327533  ,4.412554  ,0.015498  ,0.015189  ,73.750000 
27.520000 ,-23.273115,-18.373789,4.327533  ,4.412554  ,0.015498  ,-0.047827 ,73.750000 
27.540000 ,-23.346477,-18.419842,4.335426  ,4.470344  ,0.023150  ,0.081114  ,73.840000 
27.540000 ,-23.346477,-18.419842,4.335426  ,4.470344  ,0.023150  ,0.005469  ,73.840000 
27.560000 ,-23.422368,-18.462025,4.347951  ,4.445990  ,0.023996  ,-0.043139 ,73.840000 
27.560000 ,-23.422368,-18.462025,4.347951  ,4.445990  ,0.023996  ,0.037142  ,73.840000 
27.580000 ,-23.500358,-18.500681,4.357053  ,4.475139  ,0.028944  ,0.012933  ,73.840000 
27.580000 ,-23.500358,-18.500681,4.357053  ,4.475139  ,0.028944  ,0.009421  ,73.840000 
27.600000 ,-23.580009,-18.536286,4.368016  ,4.508523  ,0.038286  ,0.098590  ,73.920000 
27.600000 ,-23.580009,-18.536286,4.368016  ,4.508523  ,0.038286  ,0.069532  ,73.920000 
27.620000 ,-23.660959,-18.569477,4.381061  ,4.523627  ,0.043860  ,-0.020507 ,73.920000 
27.620000 ,-23.660959,-18.569477,4.381061  ,4.523627  ,0.043860  ,0.065655  ,73.920000 
27.640000 ,-23.742852,-18.601010,4.394296  ,4.565232  ,0.053461  ,-0.065090 ,74.010000 
27.640000 ,-23.742852,-18.601010,4.394296  ,4.565232  ,0.053461  ,-0.019220 ,74.010000 
27.660000 ,-23.825427,-18.631561,4.410166  ,4.568414  ,0.056983  ,-0.004844 ,74.010000 
27.660000 ,-23.825427,-18.631561,4.410166  ,4.568414  ,0.056983  ,-0.002027 ,74.010000 
27.680000 ,-23.908679,-18.661145,4.424858  ,4.647636  ,0.064660  ,0.018022  ,74.100000 
27.680000 ,-23.908679,-18.661145,4.424858  ,4.647636  ,0.064660  ,-0.036766 ,74.100000 
27.700000 ,-23.992622,-18.689822,4.445540  ,4.636808  ,0.065871  ,0.007430  ,74.100000 
27.700000 ,-23.992622,-18.689822,4.445540  ,4.636808  ,0.065871  ,0.001648  ,74.100000 
27.720000 ,-24.077099,-18.718118,4.463297  ,4.714636  ,0.070931  ,0.034663  ,74.180000 
27.720000 ,-24.077099,-18.718118,4.463297  ,4.714636  ,0.070931  ,0.032130  ,74.180000 
27.740000 ,-24.162172,-18.745924,4.486631  ,4.690618  ,0.069492  ,0.019997  ,74.180000 
27.740000 ,-24.162172,-18.745924,4.486631  ,4.690618  ,0.069492  ,0.013491  ,74.180000 
27.760000 ,-24.247841,-18.773257,4.505569  ,4.798840  ,0.071896  ,-0.062263 ,74.270000 
27.760000 ,-24.247841,-18.773257,4.505569  ,4.798840  ,0.071896  ,-0.031867 ,74.270000 
27.780000 ,-24.334114,-18.800216,4.532796  ,4.758353  ,0.068515  ,-0.025917 ,74.270000 
27.780000 ,-24.334114,-18.800216,4.532796  ,4.758353  ,0.068515  ,0.012208  ,74.270000 
27.800000 ,-24.421006,-18.826801,4.553737  ,4.792784  ,0.065655  ,-0.026533 ,74.270000 
27.800000 ,-24.421006,-18.826801,4.553737  ,4.792784  ,0.065655  ,0.021464  ,74.270000 
27.820000 ,-24.508580,-18.852611,4.575930  ,4.838239  ,0.064235  ,-0.007095 ,74.350000 
27.820000 ,-24.508580,-18.852611,4.575930  ,4.838239  ,0.064235  ,0.000114  ,74.350000 
27.840000 ,-24.596924,-18.877431,4.600282  ,4.862473  ,0.060886  ,0.030357  ,74.350000 
27.840000 ,-24.596924,-18.877431,4.600282  ,4.862473  ,0.060886  ,0.027944  ,74.350000 
27.860000 ,-24.686125,-18.900958,4.624624  ,4.919684  ,0.059833  ,0.077585  ,74.440000 
27.860000 ,-24.686125,-18.900958,4.624624  ,4.919684  ,0.059833  ,0.071903  ,74.440000 
27.880000 ,-24.776135,-18.923415,4.652017  ,4.928536  ,0.056792  ,-0.061165 ,74.440000 
27.880000 ,-24.776135,-18.923415,4.652017  ,4.928536  ,0.056792  ,0.001793  ,74.440000 
27.900000 ,-24.866943,-18.944832,4.677689  ,5.004217  ,0.056016  ,-0.038059 ,74.530000 
27.900000 ,-24.866943,-18.944832,4.677689  ,5.004217  ,0.056016  ,0.013507  ,74.530000 
27.920000 ,-24.958540,-18.965320,4.708003  ,5.004585  ,0.052945  ,-0.065933 ,74.530000 
27.920000 ,-24.958540,-18.965320,4.708003  ,5.004585  ,0.052945  ,0.037307  ,74.530000 
27.940000 ,-25.051019,-18.984449,4.735537  ,5.089997  ,0.052778  ,0.040841  ,74.610000 
27.940000 ,-25.051019,-18.984449,4.735537  ,5.089997  ,0.052778  ,0.063778  ,74.610000 
27.960000 ,-25.144463,-19.001809,4.768445  ,5.083485  ,0.050638  ,-0.027913 ,74.610000 
27.960000 ,-25.144463,-19.001809,4.768445  ,5.083485  ,0.050638  ,-0.083937 ,74.610000 
27.980000 ,-25.238856,-19.017347,4.797693  ,5.184056  ,0.052314  ,0.021550  ,74.700000 
27.980000 ,-25.238856,-19.017347,4.797693  ,5.184056  ,0.052314  ,0.026487  ,74.700000 
28.000000 ,-25.334170,-19.031198,4.833563  ,5.165013  ,0.051000  ,0.007372  ,74.700000 
28.000000 ,-25.334170,-19.031198,4.833563  ,5.165013  ,0.051000  ,-0.017917 ,74.700000 
28.020000 ,-25.430378,-19.043422,4.864334  ,5.272485  ,0.053742  ,0.008997  ,74.780000 
28.020000 ,-25.430378,-19.043422,4.864334  ,5.272485  ,0.053742  ,-0.026968 ,74.780000 
28.040000 ,-25.527461,-19.054106,4.902226  ,5.249341  ,0.052422  ,0.009744  ,74.780000 
28.040000 ,-25.527461,-19.054106,4.902226  ,5.249341  ,0.052422  ,0.066623  ,74.780000 
28.060000 ,-25.625388,-19.063435,4.934452  ,5.359539  ,0.055081  ,0.017530  ,74.870000 
28.060000 ,-25.625388,-19.063435,4.934452  ,5.359539  ,0.055081  ,0.030584  ,74.870000 
28.080000 ,-25.724168,-19.071235,4.973917  ,5.342671  ,0.053127  ,0.030640  ,74.870000 
28.080000 ,-25.724168,-19.071235,4.973917  ,5.342671  ,0.053127  ,-0.029478 ,74.870000 
28.100000 ,-25.823779,-19.077745,5.008152  ,5.446014  ,0.055081  ,-0.013432 ,74.960000 
28.100000 ,-25.823779,-19.077745,5.008152  ,5.446014  ,0.055081  ,-0.034660 ,74.960000 
28.120000 ,-25.924225,-19.082820,5.048802  ,5.432840  ,0.052108  ,-0.039497 ,74.960000 
28.120000 ,-25.924225,-19.082820,5.048802  ,5.432840  ,0.052108  ,-0.035731 ,74.960000 
28.140000 ,-26.025487,-19.086702,5.084456  ,5.533441  ,0.052828  ,0.027799  ,75.040000 
28.140000 ,-26.025487,-19.086702,5.084456  ,5.533441  ,0.052828  ,-0.038905 ,75.040000 
28.160000 ,-26.127570,-19.089043,5.126139  ,5.523300  ,0.048682  ,0.086276  ,75.040000 
28.160000 ,-26.127570,-19.089043,5.126139  ,5.523300  ,0.048682  ,-0.028258 ,75.040000 
28.180000 ,-26.230463,-19.089488,5.163011  ,5.620209  ,0.048636  ,-0.009481 ,75.130000 
28.180000 ,-26.230463,-19.089488,5.163011  ,5.620209  ,0.048636  ,0.000119  ,75.130000 
28.200000 ,-26.334146,-19.088365,5.205457  ,5.614099  ,0.043942  ,0.065570  ,75.130000 
28.200000 ,-26.334146,-19.088365,5.205457  ,5.614099  ,0.043942  ,0.027091  ,75.130000 
28.220000 ,-26.438611,-19.085961,5.243395  ,5.706572  ,0.042296  ,0.004214  ,75.220000 
28.220000 ,-26.438611,-19.085961,5.243395  ,5.706572  ,0.042296  ,0.019884  ,75.220000 
28.240000 ,-26.543840,-19.082039,5.286396  ,5.709187  ,0.036308  ,0.011542  ,75.220000 
28.240000 ,-26.543840,-19.082039,5.286396  ,5.709187  ,0.036308  ,-0.011299 ,75.220000 
28.260000 ,-26.649835,-19.076782,5.325647  ,5.794131  ,0.032910  ,0.006986  ,75.300000 
28.260000 ,-26.649835,-19.076782,5.325647  ,5.794131  ,0.032910  ,0.016896  ,75.300000 
28.280000 ,-26.756566,-19.069915,5.369141  ,5.812692  ,0.025718  ,-0.063334 ,75.300000 
28.280000 ,-26.756566,-19.069915,5.369141  ,5.812692  ,0.025718  ,0.033190  ,75.300000 
28.300000 ,-26.864019,-19.061287,5.410320  ,5.882819  ,0.020907  ,-0.082360 ,75.390000 
28.300000 ,-26.864019,-19.061287,5.410320  ,5.882819  ,0.020907  ,-0.029298 ,75.390000 
28.320000 ,-26.972158,-19.050781,5.454186  ,5.911765  ,0.013213  ,-0.004533 ,75.390000 
28.320000 ,-26.972158,-19.050781,5.454186  ,5.911765  ,0.013213  ,-0.005784 ,75.390000 
28.340000 ,-27.080913,-19.037931,5.496667  ,5.979531  ,0.000000  ,0.034336  ,75.470000 
28.340000 ,-27.080913,-19.037931,5.496667  ,5.979531  ,0.000000  ,-0.017047 ,75.470000 
28.360000 ,-27.190178,-19.022251,5.541496  ,6.130392  ,0.004170  ,-0.000114 ,75.560000 
28.360000 ,-27.190178,-19.022251,5.541496  ,6.130392  ,0.004170  ,-0.080164 ,75.560000 
28.380000 ,-27.300038,-19.003907,5.596168  ,6.090740  ,0.003529  ,0.045073  ,75.560000 
28.380000 ,-27.300038,-19.003907,5.596168  ,6.090740  ,0.003529  ,-0.006494 ,75.560000 
28.400000 ,-27.410475,-18.983070,5.642084  ,6.218991  ,0.006936  ,0.008773  ,75.650000 
28.400000 ,-27.410475,-18.983070,5.642084  ,6.218991  ,0.006936  ,-0.008113 ,75.650000 
28.420000 ,-27.521438,-18.959773,5.695643  ,6.204773  ,0.013398  ,-0.014036 ,75.650000 
28.420000 ,-27.521438,-18.959773,5.695643  ,6.204773  ,0.013398  ,-0.059872 ,75.650000 
28.440000 ,-27.632959,-18.934315,5.742910  ,6.321510  ,0.016859  ,0.022372  ,75.730000 
28.440000 ,-27.632959,-18.934315,5.742910  ,6.321510  ,0.016859  ,0.025215  ,75.730000 
28.460000 ,-27.745013,-18.906725,5.796627  ,6.347908  ,0.022434  ,0.035581  ,75.730000 
28.460000 ,-27.745013,-18.906725,5.796627  ,6.347908  ,0.022434  ,-0.015184 ,75.730000 
28.480000 ,-27.857577,-18.876896,5.847807  ,6.423204  ,0.025796  ,0.076507  ,75.820000 
28.480000 ,-27.857577,-18.876896,5.847807  ,6.423204  ,0.025796  ,0.019699  ,75.820000 
28.500000 ,-27.970740,-18.845281,5.901227  ,6.606576  ,0.028817  ,0.041784  ,75.900000 
28.500000 ,-27.970740,-18.845281,5.901227  ,6.606576  ,0.028817  ,0.024281  ,75.900000 
28.520000 ,-28.084706,-18.812141,5.966711  ,6.556391  ,0.034133  ,0.045553  ,75.900000 
28.520000 ,-28.084706,-18.812141,5.966711  ,6.556391  ,0.034133  ,0.015070  ,75.900000 
28.540000 ,-28.199588,-18.777857,6.021456  ,6.714852  ,0.038036  ,-0.009158 ,75.990000 
28.540000 ,-28.199588,-18.777857,6.021456  ,6.714852  ,0.038036  ,0.050489  ,75.990000 
28.560000 ,-28.315439,-18.742655,6.085830  ,6.721831  ,0.043379  ,0.009797  ,75.990000 
28.560000 ,-28.315439,-18.742655,6.085830  ,6.721831  ,0.043379  ,-0.004319 ,75.990000 
28.580000 ,-28.432355,-18.706721,6.144876  ,6.821950  ,0.048308  ,-0.052079 ,76.080000 
28.580000 ,-28.432355,-18.706721,6.144876  ,6.821950  ,0.048308  ,-0.038859 ,76.080000 
28.600000 ,-28.550279,-18.669918,6.207735  ,6.942594  ,0.053360  ,0.047010  ,76.160000 
28.600000 ,-28.550279,-18.669918,6.207735  ,6.942594  ,0.053360  ,0.036647  ,76.160000 
28.620000 ,-28.669290,-18.632199,6.275958  ,6.926166  ,0.058501  ,0.012821  ,76.160000 
28.620000 ,-28.669290,-18.632199,6.275958  ,6.926166  ,0.058501  ,-0.009642 ,76.160000 
28.640000 ,-28.789316,-18.593434,6.336323  ,6.887235  ,0.062956  ,-0.048367 ,76.250000 
28.640000 ,-28.789316,-18.593434,6.336323  ,6.887235  ,0.062956  ,-0.002194 ,76.250000 
28.660000 ,-28.910242,-18.553838,6.387469  ,6.844392  ,0.067144  ,-0.031544 ,76.250000 
28.660000 ,-28.910242,-18.553838,6.387469  ,6.844392  ,0.067144  ,-0.011494 ,76.250000 
28.680000 ,-29.031872,-18.513391,6.429889  ,6.749289  ,0.070789  ,0.005605  ,76.330000 
28.680000 ,-29.031872,-18.513391,6.429889  ,6.749289  ,0.070789  ,-0.017864 ,76.330000 
28.700000 ,-29.153892,-18.471850,6.459542  ,6.593439  ,0.073580  ,-0.022730 ,76.420000 
28.700000 ,-29.153892,-18.471850,6.459542  ,6.593439  ,0.073580  ,0.014427  ,76.420000 
28.720000 ,-29.275973,-18.429201,6.471973  ,6.573566  ,0.075549  ,-0.007260 ,76.420000 
28.720000 ,-29.275973,-18.429201,6.471973  ,6.573566  ,0.075549  ,0.027522  ,76.420000 
28.740000 ,-29.397944,-18.385587,6.481405  ,6.491756  ,0.076581  ,0.003174  ,76.510000 
28.740000 ,-29.397944,-18.385587,6.481405  ,6.491756  ,0.076581  ,-0.066045 ,76.510000 
28.760000 ,-29.519573,-18.340727,6.482366  ,6.324914  ,0.076395  ,-0.009061 ,76.590000 
28.760000 ,-29.519573,-18.340727,6.482366  ,6.324914  ,0.076395  ,-0.025524 ,76.590000 
28.780000 ,-29.640264,-18.294964,6.428167  ,6.326244  ,0.075284  ,0.012896  ,76.590000 
28.780000 ,-29.640264,-18.294964,6.428167  ,6.326244  ,0.075284  ,0.027190  ,76.590000 
28.800000 ,-29.759670,-18.248320,6.393083  ,6.234773  ,0.072892  ,0.045143  ,76.680000 
28.800000 ,-29.759670,-18.248320,6.393083  ,6.234773  ,0.072892  ,0.055946  ,76.680000 
28.820000 ,-29.877785,-18.200873,6.338589  ,6.086596  ,0.069388  ,0.023103  ,76.760000 
28.820000 ,-29.877785,-18.200873,6.338589  ,6.086596  ,0.069388  ,0.057256  ,76.760000 
28.840000 ,-29.994160,-18.152945,6.251847  ,6.108042  ,0.064988  ,-0.075233 ,76.760000 
28.840000 ,-29.994160,-18.152945,6.251847  ,6.108042  ,0.064988  ,0.027220  ,76.760000 
28.860000 ,-30.108961,-18.104729,6.202346  ,6.013983  ,0.059761  ,0.010372  ,76.850000 
28.860000 ,-30.108961,-18.104729,6.202346  ,6.013983  ,0.059761  ,-0.040212 ,76.850000 
28.880000 ,-30.222361,-18.056156,6.137507  ,5.982362  ,0.053752  ,-0.035421 ,76.850000 
28.880000 ,-30.222361,-18.056156,6.137507  ,5.982362  ,0.053752  ,-0.031429 ,76.850000 
28.900000 ,-30.334267,-18.007096,6.084102  ,5.920056  ,0.046760  ,-0.014307 ,76.940000 
28.900000 ,-30.334267,-18.007096,6.084102  ,5.920056  ,0.046760  ,-0.000824 ,76.940000 
28.920000 ,-30.444886,-17.957847,6.027633  ,5.804598  ,0.039129  ,0.011105  ,77.020000 
28.920000 ,-30.444886,-17.957847,6.027633  ,5.804598  ,0.039129  ,-0.007112 ,77.020000 
28.940000 ,-30.553938,-17.908386,5.950859  ,5.809884  ,0.030650  ,-0.012501 ,77.020000 
28.940000 ,-30.553938,-17.908386,5.950859  ,5.809884  ,0.030650  ,0.018557  ,77.020000 
28.960000 ,-30.661556,-17.858765,5.902332  ,5.727647  ,0.021499  ,0.035723  ,77.110000 
28.960000 ,-30.661556,-17.858765,5.902332  ,5.727647  ,0.021499  ,-0.014477 ,77.110000 
28.980000 ,-30.767907,-17.809011,5.842201  ,5.701102  ,0.011903  ,0.013580  ,77.110000 
28.980000 ,-30.767907,-17.809011,5.842201  ,5.701102  ,0.011903  ,0.012813  ,77.110000 
29.000000 ,-30.873041,-17.759211,5.793632  ,5.658682  ,0.000000  ,0.008683  ,77.190000 
29.000000 ,-30.873041,-17.759211,5.793632  ,5.658682  ,0.000000  ,0.002632  ,77.190000 
29.020000 ,-30.977220,-17.709611,5.747179  ,5.554431  ,0.008823  ,0.010006  ,77.280000 
29.020000 ,-30.977220,-17.709611,5.747179  ,5.554431  ,0.008823  ,-0.082402 ,77.280000 
29.040000 ,-31.080297,-17.660346,5.680830  ,5.570075  ,0.016477  ,0.008652  ,77.280000 
29.040000 ,-31.080297,-17.660346,5.680830  ,5.570075  ,0.016477  ,-0.044458 ,77.280000 
29.060000 ,-31.182215,-17.611047,5.642706  ,5.496527  ,0.025941  ,-0.008485 ,77.370000 
29.060000 ,-31.182215,-17.611047,5.642706  ,5.496527  ,0.025941  ,0.035359  ,77.370000 
29.080000 ,-31.283059,-17.561577,5.592387  ,5.492245  ,0.031735  ,-0.065837 ,77.370000 
29.080000 ,-31.283059,-17.561577,5.592387  ,5.492245  ,0.031735  ,-0.024670 ,77.370000 
29.100000 ,-31.382871,-17.511913,5.557916  ,5.442931  ,0.039073  ,-0.008651 ,77.450000 
29.100000 ,-31.382871,-17.511913,5.557916  ,5.442931  ,0.039073  ,-0.018735 ,77.450000 
29.120000 ,-31.481508,-17.461572,5.518335  ,5.430870  ,0.042747  ,0.042592  ,77.450000 
29.120000 ,-31.481508,-17.461572,5.518335  ,5.430870  ,0.042747  ,-0.016233 ,77.450000 
29.140000 ,-31.578761,-17.410070,5.488228  ,5.393393  ,0.048288  ,-0.022663 ,77.540000 
29.140000 ,-31.578761,-17.410070,5.488228  ,5.393393  ,0.048288  ,-0.025011 ,77.540000 
29.160000 ,-31.674587,-17.357249,5.455583  ,5.332583  ,0.055298  ,0.021617  ,77.620000 
29.160000 ,-31.674587,-17.357249,5.455583  ,5.332583  ,0.055298  ,0.029570  ,77.620000 
29.180000 ,-31.768842,-17.303175,5.413244  ,5.340784  ,0.054604  ,-0.063998 ,77.620000 
29.180000 ,-31.768842,-17.303175,5.413244  ,5.340784  ,0.054604  ,-0.009708 ,77.620000 
29.200000 ,-31.861305,-17.247366,5.388301  ,5.289317  ,0.060123  ,-0.053210 ,77.710000 
29.200000 ,-31.861305,-17.247366,5.388301  ,5.289317  ,0.060123  ,-0.023781 ,77.710000 
29.220000 ,-31.951753,-17.189448,5.354228  ,5.294408  ,0.059187  ,-0.025337 ,77.710000 
29.220000 ,-31.951753,-17.189448,5.354228  ,5.294408  ,0.059187  ,0.030550  ,77.710000 
29.240000 ,-32.039946,-17.129101,5.333637  ,5.259751  ,0.064593  ,0.014000  ,77.800000 
29.240000 ,-32.039946,-17.129101,5.333637  ,5.259751  ,0.064593  ,-0.052553 ,77.800000 
29.260000 ,-32.125833,-17.066295,5.308204  ,5.257176  ,0.064527  ,0.035636  ,77.800000 
29.260000 ,-32.125833,-17.066295,5.308204  ,5.257176  ,0.064527  ,0.006093  ,77.800000 
29.280000 ,-32.209566,-17.001335,5.290639  ,5.235773  ,0.069787  ,-0.019837 ,77.880000 
29.280000 ,-32.209566,-17.001335,5.290639  ,5.235773  ,0.069787  ,-0.037295 ,77.880000 
29.300000 ,-32.291143,-16.934262,5.271752  ,5.229120  ,0.069910  ,0.013269  ,77.880000 
29.300000 ,-32.291143,-16.934262,5.271752  ,5.229120  ,0.069910  ,0.035014  ,77.880000 
29.320000 ,-32.370649,-16.865255,5.257077  ,5.217930  ,0.074329  ,-0.008149 ,77.970000 
29.320000 ,-32.370649,-16.865255,5.257077  ,5.217930  ,0.074329  ,-0.012268 ,77.970000 
29.340000 ,-32.447967,-16.794218,5.243602  ,5.209542  ,0.074463  ,-0.004917 ,77.970000 
29.340000 ,-32.447967,-16.794218,5.243602  ,5.209542  ,0.074463  ,0.045026  ,77.970000 
29.360000 ,-32.523316,-16.721456,5.231877  ,5.205651  ,0.077870  ,0.070504  ,78.060000 
29.360000 ,-32.523316,-16.721456,5.231877  ,5.205651  ,0.077870  ,0.061638  ,78.060000 
29.380000 ,-32.596921,-16.647220,5.222850  ,5.197426  ,0.077268  ,0.017076  ,78.060000 
29.380000 ,-32.596921,-16.647220,5.222850  ,5.197426  ,0.077268  ,0.028902  ,78.060000 
29.400000 ,-32.669029,-16.571773,5.214098  ,5.194550  ,0.078637  ,-0.003810 ,78.140000 
29.400000 ,-32.669029,-16.571773,5.214098  ,5.194550  ,0.078637  ,-0.006538 ,78.140000 
29.420000 ,-32.739963,-16.495430,5.207369  ,5.195697  ,0.080235  ,-0.003021 ,78.230000 
29.420000 ,-32.739963,-16.495430,5.207369  ,5.195697  ,0.080235  ,-0.032531 ,78.230000 
29.440000 ,-32.809633,-16.418076,5.203352  ,5.194339  ,0.074997  ,0.032396  ,78.230000 
29.440000 ,-32.809633,-16.418076,5.203352  ,5.194339  ,0.074997  ,0.004138  ,78.230000 
29.460000 ,-32.878091,-16.339740,5.200249  ,5.197100  ,0.074213  ,-0.040343 ,78.310000 
29.460000 ,-32.878091,-16.339740,5.200249  ,5.197100  ,0.074213  ,-0.043873 ,78.310000 
29.480000 ,-32.945291,-16.260376,5.199165  ,5.193401  ,0.068476  ,-0.045099 ,78.310000 
29.480000 ,-32.945291,-16.260376,5.199165  ,5.193401  ,0.068476  ,0.031037  ,78.310000 
29.500000 ,-33.011150,-16.179937,5.197181  ,5.196826  ,0.066868  ,-0.031948 ,78.400000 
29.500000 ,-33.011150,-16.179937,5.197181  ,5.196826  ,0.066868  ,-0.013201 ,78.400000 
29.520000 ,-33.075221,-16.098094,5.197059  ,5.193048  ,0.061551  ,0.003007  ,78.400000 
29.520000 ,-33.075221,-16.098094,5.197059  ,5.193048  ,0.061551  ,-0.004483 ,78.400000 
29.540000 ,-33.137084,-16.014589,5.195678  ,5.196829  ,0.061372  ,-0.033992 ,78.490000 
29.540000 ,-33.137084,-16.014589,5.195678  ,5.196829  ,0.061372  ,-0.009273 ,78.490000 
29.560000 ,-33.196552,-15.929377,5.195785  ,5.192917  ,0.057576  ,0.023647  ,78.490000 
29.560000 ,-33.196552,-15.929377,5.195785  ,5.192917  ,0.057576  ,0.057280  ,78.490000 
29.580000 ,-33.253539,-15.842498,5.194798  ,5.198610  ,0.058941  ,-0.020211 ,78.570000 
29.580000 ,-33.253539,-15.842498,5.194798  ,5.198610  ,0.058941  ,0.017829  ,78.570000 
29.600000 ,-33.307579,-15.753764,5.195152  ,5.194861  ,0.056977  ,0.053068  ,78.570000 
29.600000 ,-33.307579,-15.753764,5.195152  ,5.194861  ,0.056977  ,0.055991  ,78.570000 
29.620000 ,-33.358588,-15.663251,5.195052  ,5.203656  ,0.060452  ,0.000283  ,78.660000 
29.620000 ,-33.358588,-15.663251,5.195052  ,5.203656  ,0.060452  ,0.019599  ,78.660000 
29.640000 ,-33.406485,-15.571044,5.195850  ,5.200878  ,0.060288  ,-0.024376 ,78.660000 
29.640000 ,-33.406485,-15.571044,5.195850  ,5.200878  ,0.060288  ,-0.041986 ,78.660000 
29.660000 ,-33.451422,-15.477346,5.196317  ,5.212706  ,0.064836  ,-0.006653 ,78.740000 
29.660000 ,-33.451422,-15.477346,5.196317  ,5.212706  ,0.064836  ,0.000929  ,78.740000 
29.680000 ,-33.493298,-15.382218,5.197839  ,5.212506  ,0.065540  ,-0.017195 ,78.740000 
29.680000 ,-33.493298,-15.382218,5.197839  ,5.212506  ,0.065540  ,-0.026255 ,78.740000 
29.700000 ,-33.532079,-15.285756,5.199200  ,5.229544  ,0.070382  ,-0.067335 ,78.830000 
29.700000 ,-33.532079,-15.285756,5.199200  ,5.229544  ,0.070382  ,-0.016904 ,78.830000 
29.720000 ,-33.567929,-15.188120,5.202018  ,5.231564  ,0.071380  ,-0.022724 ,78.830000 
29.720000 ,-33.567929,-15.188120,5.202018  ,5.231564  ,0.071380  ,0.015454  ,78.830000 
29.740000 ,-33.600869,-15.089408,5.204761  ,5.244445  ,0.075629  ,-0.011197 ,78.920000 
29.740000 ,-33.600869,-15.089408,5.204761  ,5.244445  ,0.075629  ,-0.016655 ,78.920000 
29.760000 ,-33.630621,-14.989620,5.208445  ,5.300640  ,0.082419  ,-0.059611 ,79.000000 
29.760000 ,-33.630621,-14.989620,5.208445  ,5.300640  ,0.082419  ,-0.011726 ,79.000000 
29.780000 ,-33.657657,-14.888934,5.217004  ,5.283490  ,0.079846  ,-0.013729 ,79.000000 
29.780000 ,-33.657657,-14.888934,5.217004  ,5.283490  ,0.079846  ,-0.024299 ,79.000000 
29.800000 ,-33.682408,-14.787510,5.223177  ,5.343929  ,0.084586  ,-0.019358 ,79.090000 
29.800000 ,-33.682408,-14.787510,5.223177  ,5.343929  ,0.084586  ,-0.060684 ,79.090000 
29.820000 ,-33.704590,-14.685316,5.234387  ,5.329181  ,0.080570  ,0.002894  ,79.090000 
29.820000 ,-33.704590,-14.685316,5.234387  ,5.329181  ,0.080570  ,0.051179  ,79.090000 
29.840000 ,-33.724161,-14.582386,5.243188  ,5.398678  ,0.083315  ,-0.024491 ,79.170000 
29.840000 ,-33.724161,-14.582386,5.243188  ,5.398678  ,0.083315  ,-0.006706 ,79.170000 
29.860000 ,-33.741353,-14.478795,5.257623  ,5.390643  ,0.078012  ,0.044756  ,79.170000 
29.860000 ,-33.741353,-14.478795,5.257623  ,5.390643  ,0.078012  ,0.034125  ,79.170000 
29.880000 ,-33.756186,-14.374571,5.269973  ,5.464305  ,0.078093  ,0.006908  ,79.260000 
29.880000 ,-33.756186,-14.374571,5.269973  ,5.464305  ,0.078093  ,0.066204  ,79.260000 
29.900000 ,-33.768340,-14.269693,5.288014  ,5.464236  ,0.071707  ,0.046762  ,79.260000 
29.900000 ,-33.768340,-14.269693,5.288014  ,5.464236  ,0.071707  ,0.041452  ,79.260000 
29.920000 ,-33.778050,-14.164216,5.304374  ,5.544451  ,0.069794  ,-0.089534 ,79.350000 
29.920000 ,-33.778050,-14.164216,5.304374  ,5.544451  ,0.069794  ,0.018194  ,79.350000 
29.940000 ,-33.785486,-14.058165,5.326663  ,5.558818  ,0.062205  ,-0.063079 ,79.350000 
29.940000 ,-33.785486,-14.058165,5.326663  ,5.558818  ,0.062205  ,-0.022538 ,79.350000 
29.960000 ,-33.790999,-13.951557,5.348216  ,5.645160  ,0.057535  ,0.000082  ,79.430000 
29.960000 ,-33.790999,-13.951557,5.348216  ,5.645160  ,0.057535  ,0.045871  ,79.430000 
29.980000 ,-33.794233,-13.844365,5.375784  ,5.679073  ,0.048613  ,0.019737  ,79.430000 
29.980000 ,-33.794233,-13.844365,5.375784  ,5.679073  ,0.048613  ,0.021235  ,79.430000 
30.000000 ,-33.794871,-13.736569,5.403941  ,5.751630  ,0.042374  ,0.053701  ,79.520000 
30.000000 ,-33.794871,-13.736569,5.403941  ,5.751630  ,0.042374  ,-0.035799 ,79.520000 
30.020000 ,-33.793322,-13.628176,5.436220  ,5.972502  ,0.036838  ,-0.013659 ,79.600000 
30.020000 ,-33.793322,-13.628176,5.436220  ,5.972502  ,0.036838  ,-0.017414 ,79.600000 
30.040000 ,-33.790109,-13.518996,5.486008  ,5.907155  ,0.024925  ,0.062613  ,79.600000 
30.040000 ,-33.790109,-13.518996,5.486008  ,5.907155  ,0.024925  ,-0.063019 ,79.600000 
30.060000 ,-33.785270,-13.408987,5.525107  ,6.131147  ,0.016836  ,-0.049614 ,79.690000 
30.060000 ,-33.785270,-13.408987,5.525107  ,6.131147  ,0.016836  ,0.017087  ,79.690000 
30.080000 ,-33.778576,-13.298119,5.581371  ,6.103498  ,0.004669  ,-0.027079 ,79.690000 
30.080000 ,-33.778576,-13.298119,5.581371  ,6.103498  ,0.004669  ,0.038283  ,79.690000 
30.100000 ,-33.770327,-13.186305,5.629845  ,6.207249  ,0.004965  ,-0.035702 ,79.780000 
30.100000 ,-33.770327,-13.186305,5.629845  ,6.207249  ,0.004965  ,-0.060955 ,79.780000 
30.120000 ,-33.760408,-13.073602,5.683450  ,6.189729  ,0.016800  ,-0.059719 ,79.780000 
30.120000 ,-33.760408,-13.073602,5.683450  ,6.189729  ,0.016800  ,-0.017515 ,79.780000 
30.140000 ,-33.748866,-12.960043,5.730453  ,6.047431  ,0.026862  ,0.042832  ,79.860000 
30.140000 ,-33.748866,-12.960043,5.730453  ,6.047431  ,0.026862  ,-0.076071 ,79.860000 
30.160000 ,-33.735575,-12.845909,5.759881  ,6.001288  ,0.037153  ,0.016168  ,79.860000 
30.160000 ,-33.735575,-12.845909,5.759881  ,6.001288  ,0.037153  ,-0.000411 ,79.860000 
30.180000 ,-33.720179,-12.731517,5.782293  ,5.918564  ,0.045446  ,-0.001464 ,79.950000 
30.180000 ,-33.720179,-12.731517,5.782293  ,5.918564  ,0.045446  ,0.029105  ,79.950000 
30.200000 ,-33.703001,-12.617026,5.794944  ,5.777483  ,0.052881  ,-0.058484 ,80.030000 
30.200000 ,-33.703001,-12.617026,5.794944  ,5.777483  ,0.052881  ,0.002033  ,80.030000 
30.220000 ,-33.684526,-12.502674,5.788933  ,5.787219  ,0.057848  ,0.044252  ,80.030000 
30.220000 ,-33.684526,-12.502674,5.788933  ,5.787219  ,0.057848  ,0.006894  ,80.030000 
30.240000 ,-33.664886,-12.388580,5.788343  ,5.703635  ,0.062347  ,0.013915  ,80.120000 
30.240000 ,-33.664886,-12.388580,5.788343  ,5.703635  ,0.062347  ,0.031619  ,80.120000 
30.260000 ,-33.644589,-12.274918,5.759185  ,5.695853  ,0.063712  ,-0.002685 ,80.120000 
30.260000 ,-33.644589,-12.274918,5.759185  ,5.695853  ,0.063712  ,0.001326  ,80.120000 
30.280000 ,-33.624367,-12.161756,5.737385  ,5.656294  ,0.065438  ,-0.001873 ,80.210000 
30.280000 ,-33.624367,-12.161756,5.737385  ,5.656294  ,0.065438  ,0.014374  ,80.210000 
30.300000 ,-33.604433,-12.049052,5.709471  ,5.648478  ,0.064389  ,0.008523  ,80.210000 
30.300000 ,-33.604433,-12.049052,5.709471  ,5.648478  ,0.064389  ,-0.015641 ,80.210000 
30.320000 ,-33.585121,-11.936732,5.688476  ,5.618017  ,0.063539  ,0.012006  ,80.290000 
30.320000 ,-33.585121,-11.936732,5.688476  ,5.618017  ,0.063539  ,-0.004732 ,80.290000 
30.340000 ,-33.566976,-11.824678,5.664222  ,5.603032  ,0.063349  ,0.030339  ,80.380000 
30.340000 ,-33.566976,-11.824678,5.664222  ,5.603032  ,0.063349  ,-0.012352 ,80.380000 
30.360000 ,-33.550653,-11.712801,5.643159  ,5.593224  ,0.058396  ,0.066018  ,80.380000 
30.360000 ,-33.550653,-11.712801,5.643159  ,5.593224  ,0.058396  ,-0.009479 ,80.380000 
30.380000 ,-33.536757,-11.600982,5.625970  ,5.589400  ,0.057604  ,0.024746  ,80.460000 
30.380000 ,-33.536757,-11.600982,5.625970  ,5.589400  ,0.057604  ,0.024098  ,80.460000 
30.400000 ,-33.526088,-11.489107,5.613382  ,5.585297  ,0.053745  ,-0.026014 ,80.460000 
30.400000 ,-33.526088,-11.489107,5.613382  ,5.585297  ,0.053745  ,-0.032267 ,80.460000 
30.420000 ,-33.518850,-11.377180,5.603714  ,5.587987  ,0.054095  ,0.003673  ,80.550000 
30.420000 ,-33.518850,-11.377180,5.603714  ,5.587987  ,0.054095  ,0.034727  ,80.550000 
30.440000 ,-33.515283,-11.265224,5.598301  ,5.591054  ,0.052341  ,0.060633  ,80.550000 
30.440000 ,-33.515283,-11.265224,5.598301  ,5.591054  ,0.052341  ,-0.008632 ,80.550000 
30.460000 ,-33.515360,-11.153290,5.595806  ,5.586924  ,0.053785  ,-0.004239 ,80.640000 
30.460000 ,-33.515360,-11.153290,5.595806  ,5.586924  ,0.053785  ,-0.089492 ,80.640000 
30.480000 ,-33.519345,-11.041483,5.592749  ,5.590341  ,0.058136  ,0.013902  ,80.720000 
30.480000 ,-33.519345,-11.041483,5.592749  ,5.590341  ,0.058136  ,0.034232  ,80.720000 
30.500000 ,-33.527604,-10.929949,5.591920  ,5.585741  ,0.056939  ,0.031869  ,80.720000 
30.500000 ,-33.527604,-10.929949,5.591920  ,5.585741  ,0.056939  ,-0.017910 ,80.720000 
30.520000 ,-33.539963,-10.818824,5.589793  ,5.594356  ,0.062676  ,-0.000456 ,80.810000 
30.520000 ,-33.539963,-10.818824,5.589793  ,5.594356  ,0.062676  ,0.059498  ,80.810000 
30.540000 ,-33.556266,-10.708225,5.590217  ,5.598469  ,0.063104  ,0.067971  ,80.810000 
30.540000 ,-33.556266,-10.708225,5.590217  ,5.598469  ,0.063104  ,-0.013056 ,80.810000 
30.560000 ,-33.576336,-10.598234,5.590983  ,5.609568  ,0.068717  ,-0.085239 ,80.900000 
30.560000 ,-33.576336,-10.598234,5.590983  ,5.609568  ,0.068717  ,-0.026146 ,80.900000 
30.580000 ,-33.600256,-10.488991,5.592708  ,5.620294  ,0.069623  ,0.009244  ,80.900000 
30.580000 ,-33.600256,-10.488991,5.592708  ,5.620294  ,0.069623  ,-0.005722 ,80.900000 
30.600000 ,-33.628263,-10.380680,5.595269  ,5.634699  ,0.074149  ,-0.001371 ,80.980000 
30.600000 ,-33.628263,-10.380680,5.595269  ,5.634699  ,0.074149  ,-0.070528 ,80.980000 
30.620000 ,-33.660027,-10.273344,5.598930  ,5.701470  ,0.081188  ,-0.034279 ,81.070000 
30.620000 ,-33.660027,-10.273344,5.598930  ,5.701470  ,0.081188  ,-0.017128 ,81.070000 
30.640000 ,-33.695332,-10.166980,5.608450  ,5.692679  ,0.075830  ,-0.026109 ,81.070000 
30.640000 ,-33.695332,-10.166980,5.608450  ,5.692679  ,0.075830  ,0.004276  ,81.070000 
30.660000 ,-33.733972,-10.061597,5.616269  ,5.761456  ,0.078077  ,-0.009522 ,81.150000 
30.660000 ,-33.733972,-10.061597,5.616269  ,5.761456  ,0.078077  ,-0.014453 ,81.150000 
30.680000 ,-33.775856,-9.957230 ,5.629748  ,5.775335  ,0.068687  ,-0.008896 ,81.150000 
30.680000 ,-33.775856,-9.957230 ,5.629748  ,5.775335  ,0.068687  ,-0.010126 ,81.150000 
30.700000 ,-33.820874,-9.853881 ,5.643265  ,5.832867  ,0.063623  ,-0.022412 ,81.240000 
30.700000 ,-33.820874,-9.853881 ,5.643265  ,5.832867  ,0.063623  ,-0.084759 ,81.240000 
30.720000 ,-33.868904,-9.751552 ,5.660867  ,6.008719  ,0.057651  ,-0.011770 ,81.330000 
30.720000 ,-33.868904,-9.751552 ,5.660867  ,6.008719  ,0.057651  ,-0.019267 ,81.330000 
30.740000 ,-33.919892,-9.650104 ,5.693161  ,5.953630  ,0.038002  ,-0.008201 ,81.330000 
30.740000 ,-33.919892,-9.650104 ,5.693161  ,5.953630  ,0.038002  ,-0.013441 ,81.330000 
30.760000 ,-33.973711,-9.549488 ,5.717343  ,6.130144  ,0.025333  ,0.024052  ,81.410000 
30.760000 ,-33.973711,-9.549488 ,5.717343  ,6.130144  ,0.025333  ,-0.041888 ,81.410000 
30.780000 ,-34.030080,-9.449558 ,5.755667  ,6.114913  ,0.003674  ,-0.011776 ,81.410000 
30.780000 ,-34.030080,-9.449558 ,5.755667  ,6.114913  ,0.003674  ,0.010163  ,81.410000 
30.800000 ,-34.089106,-9.350339 ,5.789019  ,6.266163  ,0.013723  ,-0.002019 ,81.500000 
30.800000 ,-34.089106,-9.350339 ,5.789019  ,6.266163  ,0.013723  ,0.021904  ,81.500000 
30.820000 ,-34.150698,-9.251774 ,5.833317  ,6.279600  ,0.035752  ,-0.017046 ,81.500000 
30.820000 ,-34.150698,-9.251774 ,5.833317  ,6.279600  ,0.035752  ,-0.034791 ,81.500000 
30.840000 ,-34.214621,-9.153680 ,5.874749  ,6.340442  ,0.055481  ,0.078814  ,81.580000 
30.840000 ,-34.214621,-9.153680 ,5.874749  ,6.340442  ,0.055481  ,-0.003437 ,81.580000 
30.860000 ,-34.281079,-9.056259 ,5.917984  ,6.118817  ,0.075633  ,-0.057386 ,81.670000 
30.860000 ,-34.281079,-9.056259 ,5.917984  ,6.118817  ,0.075633  ,0.063550  ,81.670000 
30.880000 ,-34.350013,-8.959816 ,5.936629  ,6.161899  ,0.094686  ,-0.028687 ,81.670000 
30.880000 ,-34.350013,-8.959816 ,5.936629  ,6.161899  ,0.094686  ,0.041116  ,81.670000 
30.900000 ,-34.421150,-8.864491 ,5.957543  ,5.992665  ,0.112225  ,-0.093443 ,81.760000 
30.900000 ,-34.421150,-8.864491 ,5.957543  ,5.992665  ,0.112225  ,0.041468  ,81.760000 
30.920000 ,-34.493963,-8.770136 ,5.960803  ,5.988073  ,0.125392  ,0.017283  ,81.760000 
30.920000 ,-34.493963,-8.770136 ,5.960803  ,5.988073  ,0.125392  ,0.044946  ,81.760000 
30.940000 ,-34.567878,-8.676567 ,5.963335  ,5.905533  ,0.137884  ,-0.044465 ,81.840000 
30.940000 ,-34.567878,-8.676567 ,5.963335  ,5.905533  ,0.137884  ,0.025342  ,81.840000 
30.960000 ,-34.642360,-8.583686 ,5.943438  ,5.796418  ,0.149662  ,-0.017721 ,81.930000 
30.960000 ,-34.642360,-8.583686 ,5.943438  ,5.796418  ,0.149662  ,-0.011010 ,81.930000 
30.980000 ,-34.717074,-8.491919 ,5.892830  ,5.812057  ,0.149515  ,0.038054  ,81.930000 
30.980000 ,-34.717074,-8.491919 ,5.892830  ,5.812057  ,0.149515  ,0.018890  ,81.930000 
31.000000 ,-34.791442,-8.400865 ,5.865026  ,5.734788  ,0.152261  ,0.033498  ,82.010000 
31.000000 ,-34.791442,-8.400865 ,5.865026  ,5.734788  ,0.152261  ,0.043508  ,82.010000 
31.020000 ,-34.864913,-8.310031 ,5.820195  ,5.725864  ,0.145280  ,-0.047610 ,82.010000 
31.020000 ,-34.864913,-8.310031 ,5.820195  ,5.725864  ,0.145280  ,0.003758  ,82.010000 
31.040000 ,-34.937161,-8.219198 ,5.787724  ,5.696136  ,0.139791  ,-0.008918 ,82.100000 
31.040000 ,-34.937161,-8.219198 ,5.787724  ,5.696136  ,0.139791  ,0.008400  ,82.100000 
31.060000 ,-35.007768,-8.127893 ,5.756197  ,5.654188  ,0.133156  ,-0.012469 ,82.190000 
31.060000 ,-35.007768,-8.127893 ,5.756197  ,5.654188  ,0.133156  ,-0.011748 ,82.190000 
31.080000 ,-35.076014,-8.035641 ,5.721083  ,5.655587  ,0.117388  ,0.010862  ,82.190000 
31.080000 ,-35.076014,-8.035641 ,5.721083  ,5.655587  ,0.117388  ,-0.048696 ,82.190000 
31.100000 ,-35.141705,-7.942249 ,5.698538  ,5.636990  ,0.107167  ,0.021776  ,82.270000 
31.100000 ,-35.141705,-7.942249 ,5.698538  ,5.636990  ,0.107167  ,0.016714  ,82.270000 
31.120000 ,-35.204280,-7.847266 ,5.677352  ,5.632084  ,0.091627  ,-0.025204 ,82.270000 
31.120000 ,-35.204280,-7.847266 ,5.677352  ,5.632084  ,0.091627  ,0.019317  ,82.270000 
31.140000 ,-35.263673,-7.750689 ,5.661770  ,5.626946  ,0.080671  ,0.037404  ,82.360000 
31.140000 ,-35.263673,-7.750689 ,5.661770  ,5.626946  ,0.080671  ,-0.039426 ,82.360000 
31.160000 ,-35.319673,-7.652422 ,5.649782  ,5.620336  ,0.066870  ,0.002811  ,82.360000 
31.160000 ,-35.319673,-7.652422 ,5.649782  ,5.620336  ,0.066870  ,0.024213  ,82.360000 
31.180000 ,-35.372017,-7.552408 ,5.639646  ,5.620946  ,0.056747  ,-0.026307 ,82.440000 
31.180000 ,-35.372017,-7.552408 ,5.639646  ,5.620946  ,0.056747  ,-0.039993 ,82.440000 
31.200000 ,-35.420886,-7.450833 ,5.633209  ,5.629917  ,0.049038  ,-0.041221 ,82.530000 
31.200000 ,-35.420886,-7.450833 ,5.633209  ,5.629917  ,0.049038  ,-0.030865 ,82.530000 
31.220000 ,-35.466212,-7.347708 ,5.632076  ,5.618243  ,0.036494  ,0.040025  ,82.530000 
31.220000 ,-35.466212,-7.347708 ,5.632076  ,5.618243  ,0.036494  ,-0.011921 ,82.530000 
31.240000 ,-35.507824,-7.243095 ,5.627314  ,5.621506  ,0.030252  ,-0.077006 ,82.620000 
31.240000 ,-35.507824,-7.243095 ,5.627314  ,5.621506  ,0.030252  ,-0.043724 ,82.620000 
31.260000 ,-35.545543,-7.137086 ,5.625315  ,5.617315  ,0.020825  ,0.038376  ,82.620000 
31.260000 ,-35.545543,-7.137086 ,5.625315  ,5.617315  ,0.020825  ,0.019670  ,82.620000 
31.280000 ,-35.579608,-7.029897 ,5.622561  ,5.620618  ,0.016365  ,0.036279  ,82.700000 
31.280000 ,-35.579608,-7.029897 ,5.622561  ,5.620618  ,0.016365  ,0.006283  ,82.700000 
31.300000 ,-35.609850,-6.921602 ,5.621892  ,5.624030  ,0.009842  ,-0.000770 ,82.700000 
31.300000 ,-35.609850,-6.921602 ,5.621892  ,5.624030  ,0.009842  ,0.016823  ,82.700000 
31.320000 ,-35.636707,-6.812420 ,5.622091  ,5.620425  ,0.000000  ,-0.048207 ,82.790000 
31.320000 ,-35.636707,-6.812420 ,5.622091  ,5.620425  ,0.000000  ,0.046545  ,82.790000 
31.340000 ,-35.660603,-6.702557 ,5.621517  ,5.635853  ,0.005764  ,-0.017556 ,82.870000 
31.340000 ,-35.660603,-6.702557 ,5.621517  ,5.635853  ,0.005764  ,-0.015341 ,82.870000 
31.360000 ,-35.681260,-6.592031 ,5.622848  ,5.622499  ,0.000465  ,0.031482  ,82.870000 
31.360000 ,-35.681260,-6.592031 ,5.622848  ,5.622499  ,0.000465  ,-0.046260 ,82.870000 
31.380000 ,-35.698650,-6.480932 ,5.622728  ,5.640432  ,0.000790  ,-0.000199 ,82.960000 
31.380000 ,-35.698650,-6.480932 ,5.622728  ,5.640432  ,0.000790  ,-0.004796 ,82.960000 
31.400000 ,-35.713060,-6.369391 ,5.624371  ,5.628008  ,0.005296  ,0.069566  ,82.960000 
31.400000 ,-35.713060,-6.369391 ,5.624371  ,5.628008  ,0.005296  ,0.019125  ,82.960000 
31.420000 ,-35.724946,-6.257532 ,5.624709  ,5.639898  ,0.005713  ,-0.017953 ,83.050000 
31.420000 ,-35.724946,-6.257532 ,5.624709  ,5.639898  ,0.005713  ,0.028129  ,83.050000 
31.440000 ,-35.734199,-6.145407 ,5.626119  ,5.637566  ,0.009499  ,0.032410  ,83.050000 
31.440000 ,-35.734199,-6.145407 ,5.626119  ,5.637566  ,0.009499  ,0.013509  ,83.050000 
31.460000 ,-35.741148,-6.033091 ,5.627182  ,5.648990  ,0.010430  ,-0.013469 ,83.130000 
31.460000 ,-35.741148,-6.033091 ,5.627182  ,5.648990  ,0.010430  ,-0.030607 ,83.130000 
31.480000 ,-35.745710,-5.920621 ,5.629207  ,5.650315  ,0.013809  ,-0.015412 ,83.130000 
31.480000 ,-35.745710,-5.920621 ,5.629207  ,5.650315  ,0.013809  ,-0.005414 ,83.130000 
31.500000 ,-35.748211,-5.808046 ,5.631166  ,5.661120  ,0.015521  ,-0.050800 ,83.220000 
31.500000 ,-35.748211,-5.808046 ,5.631166  ,5.661120  ,0.015521  ,0.042411  ,83.220000 
31.520000 ,-35.748367,-5.695397 ,5.633947  ,5.684631  ,0.015837  ,0.046660  ,83.300000 
31.520000 ,-35.748367,-5.695397 ,5.633947  ,5.684631  ,0.015837  ,-0.028760 ,83.300000 
31.540000 ,-35.746066,-5.582697 ,5.638653  ,5.676912  ,0.020544  ,0.024942  ,83.300000 
31.540000 ,-35.746066,-5.582697 ,5.638653  ,5.676912  ,0.020544  ,-0.034044 ,83.300000 
31.560000 ,-35.741099,-5.470000 ,5.642205  ,5.698007  ,0.020671  ,0.002858  ,83.390000 
31.560000 ,-35.741099,-5.470000 ,5.642205  ,5.698007  ,0.020671  ,-0.039359 ,83.390000 
31.580000 ,-35.733802,-5.357341 ,5.647385  ,5.694345  ,0.024506  ,-0.027255 ,83.390000 
31.580000 ,-35.733802,-5.357341 ,5.647385  ,5.694345  ,0.024506  ,-0.046963 ,83.390000 
31.600000 ,-35.724110,-5.244768 ,5.651745  ,5.712302  ,0.024904  ,-0.021450 ,83.480000 
31.600000 ,-35.724110,-5.244768 ,5.651745  ,5.712302  ,0.024904  ,-0.043366 ,83.480000 
31.620000 ,-35.711797,-5.132351 ,5.657367  ,5.720805  ,0.027964  ,0.017955  ,83.480000 
31.620000 ,-35.711797,-5.132351 ,5.657367  ,5.720805  ,0.027964  ,0.039288  ,83.480000 
31.640000 ,-35.696565,-5.020177 ,5.663256  ,5.727538  ,0.027994  ,-0.024807 ,83.560000 
31.640000 ,-35.696565,-5.020177 ,5.663256  ,5.727538  ,0.027994  ,-0.031644 ,83.560000 
31.660000 ,-35.678354,-4.908327 ,5.669224  ,5.772724  ,0.025942  ,0.015763  ,83.650000 
31.660000 ,-35.678354,-4.908327 ,5.669224  ,5.772724  ,0.025942  ,0.048631  ,83.650000 
31.680000 ,-35.657291,-4.796821 ,5.678833  ,5.747836  ,0.029072  ,0.028750  ,83.650000 
31.680000 ,-35.657291,-4.796821 ,5.678833  ,5.747836  ,0.029072  ,-0.013425 ,83.650000 
31.700000 ,-35.633093,-4.685789 ,5.685239  ,5.784704  ,0.026434  ,-0.014671 ,83.730000 
31.700000 ,-35.633093,-4.685789 ,5.685239  ,5.784704  ,0.026434  ,-0.038451 ,83.730000 
31.720000 ,-35.606097,-4.575242 ,5.694474  ,5.770968  ,0.028138  ,0.039646  ,83.730000 
31.720000 ,-35.606097,-4.575242 ,5.694474  ,5.770968  ,0.028138  ,-0.009956 ,83.730000 
31.740000 ,-35.576646,-4.465154 ,5.701575  ,5.796102  ,0.025816  ,-0.023267 ,83.820000 
31.740000 ,-35.576646,-4.465154 ,5.701575  ,5.796102  ,0.025816  ,-0.012539 ,83.820000 
31.760000 ,-35.544580,-4.355634 ,5.710351  ,5.796771  ,0.026984  ,-0.037468 ,83.820000 
31.760000 ,-35.544580,-4.355634 ,5.710351  ,5.796771  ,0.026984  ,-0.048032 ,83.820000 
31.780000 ,-35.510193,-4.246644 ,5.718374  ,5.817110  ,0.025343  ,0.014888  ,83.910000 
31.780000 ,-35.510193,-4.246644 ,5.718374  ,5.817110  ,0.025343  ,0.037484  ,83.910000 
31.800000 ,-35.473237,-4.138317 ,5.727541  ,5.868775  ,0.022196  ,-0.019169 ,83.990000 
31.800000 ,-35.473237,-4.138317 ,5.727541  ,5.868775  ,0.022196  ,0.022663  ,83.990000 
31.820000 ,-35.433806,-4.030627 ,5.740653  ,5.844046  ,0.025136  ,-0.011926 ,83.990000 
31.820000 ,-35.433806,-4.030627 ,5.740653  ,5.844046  ,0.025136  ,-0.010882 ,83.990000 
31.840000 ,-35.391947,-3.923615 ,5.750252  ,5.885140  ,0.022790  ,0.070396  ,84.080000 
31.840000 ,-35.391947,-3.923615 ,5.750252  ,5.885140  ,0.022790  ,-0.027250 ,84.080000 
31.860000 ,-35.347369,-3.817467 ,5.762774  ,5.876754  ,0.025026  ,-0.058311 ,84.080000 
31.860000 ,-35.347369,-3.817467 ,5.762774  ,5.876754  ,0.025026  ,-0.001882 ,84.080000 
31.880000 ,-35.300453,-3.712077 ,5.773356  ,5.911467  ,0.023259  ,0.051109  ,84.170000 
31.880000 ,-35.300453,-3.712077 ,5.773356  ,5.911467  ,0.023259  ,-0.049471 ,84.170000 
31.900000 ,-35.251530,-3.607345 ,5.786178  ,5.922138  ,0.025560  ,0.004702  ,84.170000 
31.900000 ,-35.251530,-3.607345 ,5.786178  ,5.922138  ,0.025560  ,0.032886  ,84.170000 
31.920000 ,-35.200424,-3.503377 ,5.798801  ,5.941662  ,0.025205  ,-0.034397 ,84.250000 
31.920000 ,-35.200424,-3.503377 ,5.798801  ,5.941662  ,0.025205  ,0.004083  ,84.250000 
31.940000 ,-35.147376,-3.400096 ,5.812064  ,6.000102  ,0.024130  ,0.008280  ,84.340000 
31.940000 ,-35.147376,-3.400096 ,5.812064  ,6.000102  ,0.024130  ,0.013962  ,84.340000 
31.960000 ,-35.092103,-3.297638 ,5.829521  ,5.979331  ,0.028674  ,-0.010913 ,84.340000 
31.960000 ,-35.092103,-3.297638 ,5.829521  ,5.979331  ,0.028674  ,-0.002569 ,84.340000 
31.980000 ,-35.034534,-3.196093 ,5.843429  ,6.041402  ,0.028496  ,-0.017250 ,84.420000 
31.980000 ,-35.034534,-3.196093 ,5.843429  ,6.041402  ,0.028496  ,-0.004164 ,84.420000 
32.000000 ,-34.974698,-3.095490 ,5.861809  ,6.035289  ,0.032463  ,-0.030840 ,84.420000 
32.000000 ,-34.974698,-3.095490 ,5.861809  ,6.035289  ,0.032463  ,0.019417  ,84.420000 
32.020000 ,-34.912559,-2.995887 ,5.877915  ,6.066132  ,0.032926  ,-0.041970 ,84.510000 
32.020000 ,-34.912559,-2.995887 ,5.877915  ,6.066132  ,0.032926  ,-0.033563 ,84.510000 
32.040000 ,-34.847890,-2.897506 ,5.895388  ,6.077910  ,0.035760  ,0.034536  ,84.510000 
32.040000 ,-34.847890,-2.897506 ,5.895388  ,6.077910  ,0.035760  ,-0.010507 ,84.510000 
32.060000 ,-34.780629,-2.800460 ,5.912334  ,6.101670  ,0.035919  ,0.035076  ,84.600000 
32.060000 ,-34.780629,-2.800460 ,5.912334  ,6.101670  ,0.035919  ,-0.028396 ,84.600000 
32.080000 ,-34.710731,-2.704868 ,5.929911  ,6.168873  ,0.034385  ,0.013197  ,84.680000 
32.080000 ,-34.710731,-2.704868 ,5.929911  ,6.168873  ,0.034385  ,-0.004896 ,84.680000 
32.100000 ,-34.638434,-2.610573 ,5.952096  ,6.155750  ,0.036348  ,-0.064357 ,84.680000 
32.100000 ,-34.638434,-2.610573 ,5.952096  ,6.155750  ,0.036348  ,-0.006780 ,84.680000 
32.120000 ,-34.564014,-2.517418 ,5.971003  ,6.205336  ,0.034770  ,0.053399  ,84.770000 
32.120000 ,-34.564014,-2.517418 ,5.971003  ,6.205336  ,0.034770  ,0.042566  ,84.770000 
32.140000 ,-34.487501,-2.425445 ,5.992759  ,6.214243  ,0.035459  ,0.048791  ,84.770000 
32.140000 ,-34.487501,-2.425445 ,5.992759  ,6.214243  ,0.035459  ,-0.021570 ,84.770000 
32.160000 ,-34.408809,-2.334768 ,6.013321  ,6.239338  ,0.033633  ,0.023107  ,84.850000 
32.160000 ,-34.408809,-2.334768 ,6.013321  ,6.239338  ,0.033633  ,-0.032753 ,84.850000 
32.180000 ,-34.328357,-2.245089 ,6.034304  ,6.310891  ,0.031083  ,-0.063811 ,84.940000 
32.180000 ,-34.328357,-2.245089 ,6.034304  ,6.310891  ,0.031083  ,0.028269  ,84.940000 
32.200000 ,-34.246514,-2.156041 ,6.059982  ,6.296659  ,0.031857  ,0.020085  ,84.940000 
32.200000 ,-34.246514,-2.156041 ,6.059982  ,6.296659  ,0.031857  ,0.011289  ,84.940000 
32.220000 ,-34.163141,-2.067769 ,6.081955  ,6.346624  ,0.030154  ,-0.071734 ,85.030000 
32.220000 ,-34.163141,-2.067769 ,6.081955  ,6.346624  ,0.030154  ,0.004104  ,85.030000 
32.240000 ,-34.078139,-1.980413 ,6.106527  ,6.357384  ,0.029988  ,0.014701  ,85.030000 
32.240000 ,-34.078139,-1.980413 ,6.106527  ,6.357384  ,0.029988  ,-0.036437 ,85.030000 
32.260000 ,-33.991766,-1.893735 ,6.129816  ,6.380745  ,0.028450  ,0.029651  ,85.110000 
32.260000 ,-33.991766,-1.893735 ,6.129816  ,6.380745  ,0.028450  ,-0.025751 ,85.110000 
32.280000 ,-33.903961,-1.807841 ,6.153112  ,6.446993  ,0.026229  ,0.003487  ,85.200000 
32.280000 ,-33.903961,-1.807841 ,6.153112  ,6.446993  ,0.026229  ,-0.001173 ,85.200000 
32.300000 ,-33.814892,-1.722524 ,6.180396  ,6.437970  ,0.026242  ,0.034363  ,85.200000 
32.300000 ,-33.814892,-1.722524 ,6.180396  ,6.437970  ,0.026242  ,0.000563  ,85.200000 
32.320000 ,-33.724570,-1.637785 ,6.204309  ,6.469036  ,0.024466  ,0.072079  ,85.280000 
32.320000 ,-33.724570,-1.637785 ,6.204309  ,6.469036  ,0.024466  ,-0.022084 ,85.280000 
32.340000 ,-33.632884,-1.553805 ,6.228886  ,6.486267  ,0.024113  ,0.077304  ,85.280000 
32.340000 ,-33.632884,-1.553805 ,6.228886  ,6.486267  ,0.024113  ,-0.010091 ,85.280000 
32.360000 ,-33.540090,-1.470325 ,6.252781  ,6.505249  ,0.023151  ,-0.011941 ,85.370000 
32.360000 ,-33.540090,-1.470325 ,6.252781  ,6.505249  ,0.023151  ,0.028471  ,85.370000 
32.380000 ,-33.446309,-1.387238 ,6.276220  ,6.549010  ,0.022216  ,-0.012769 ,85.460000 
32.380000 ,-33.446309,-1.387238 ,6.276220  ,6.549010  ,0.022216  ,0.025957  ,85.460000 
32.400000 ,-33.351449,-1.304641 ,6.301545  ,6.555889  ,0.024597  ,0.019371  ,85.460000 
32.400000 ,-33.351449,-1.304641 ,6.301545  ,6.555889  ,0.024597  ,0.024943  ,85.460000 
32.420000 ,-33.255203,-1.222906 ,6.325158  ,6.579944  ,0.025405  ,0.038500  ,85.540000 
32.420000 ,-33.255203,-1.222906 ,6.325158  ,6.579944  ,0.025405  ,0.032380  ,85.540000 
32.440000 ,-33.157494,-1.142182 ,6.348812  ,6.622746  ,0.025800  ,-0.047789 ,85.630000 
32.440000 ,-33.157494,-1.142182 ,6.348812  ,6.622746  ,0.025800  ,0.053898  ,85.630000 
32.460000 ,-33.058364,-1.062424 ,6.374244  ,6.615040  ,0.029878  ,-0.026595 ,85.630000 
32.460000 ,-33.058364,-1.062424 ,6.374244  ,6.615040  ,0.029878  ,0.073221  ,85.630000 
32.480000 ,-32.957736,-0.983787 ,6.396599  ,6.639885  ,0.031613  ,-0.032462 ,85.710000 
32.480000 ,-32.957736,-0.983787 ,6.396599  ,6.639885  ,0.031613  ,0.030802  ,85.710000 
32.500000 ,-32.855328,-0.906733 ,6.419186  ,6.674210  ,0.032420  ,-0.064688 ,85.800000 
32.500000 ,-32.855328,-0.906733 ,6.419186  ,6.674210  ,0.032420  ,0.003838  ,85.800000 
32.520000 ,-32.750953,-0.831572 ,6.442862  ,6.655002  ,0.036968  ,-0.053582 ,85.800000 
32.520000 ,-32.750953,-0.831572 ,6.442862  ,6.655002  ,0.036968  ,0.041648  ,85.800000 
32.540000 ,-32.644461,-0.758675 ,6.462557  ,6.678607  ,0.037370  ,-0.079076 ,85.890000 
32.540000 ,-32.644461,-0.758675 ,6.462557  ,6.678607  ,0.037370  ,-0.037186 ,85.890000 
32.560000 ,-32.535862,-0.688221 ,6.482615  ,6.686725  ,0.039506  ,-0.044562 ,85.890000 
32.560000 ,-32.535862,-0.688221 ,6.482615  ,6.686725  ,0.039506  ,0.029705  ,85.890000 
32.580000 ,-32.425069,-0.620520 ,6.501564  ,6.701223  ,0.038810  ,0.000834  ,85.970000 
32.580000 ,-32.425069,-0.620520 ,6.501564  ,6.701223  ,0.038810  ,-0.004753 ,85.970000 
32.600000 ,-32.312053,-0.555842 ,6.520100  ,6.723579  ,0.036137  ,0.007040  ,86.060000 
32.600000 ,-32.312053,-0.555842 ,6.520100  ,6.723579  ,0.036137  ,-0.012257 ,86.060000 
32.620000 ,-32.197048,-0.493975 ,6.538991  ,6.720998  ,0.035530  ,-0.069514 ,86.060000 
32.620000 ,-32.197048,-0.493975 ,6.538991  ,6.720998  ,0.035530  ,-0.015739 ,86.060000 
32.640000 ,-32.080166,-0.434935 ,6.555888  ,6.734504  ,0.031878  ,-0.019417 ,86.140000 
32.640000 ,-32.080166,-0.434935 ,6.555888  ,6.734504  ,0.031878  ,-0.084913 ,86.140000 
32.660000 ,-31.961585,-0.378601 ,6.572471  ,6.758284  ,0.026934  ,0.060596  ,86.230000 
32.660000 ,-31.961585,-0.378601 ,6.572471  ,6.758284  ,0.026934  ,-0.032478 ,86.230000 
32.680000 ,-31.841318,-0.325122 ,6.589721  ,6.754294  ,0.024511  ,-0.034595 ,86.230000 
32.680000 ,-31.841318,-0.325122 ,6.589721  ,6.754294  ,0.024511  ,-0.028022 ,86.230000 
32.700000 ,-31.719660,-0.274039 ,6.605000  ,6.761244  ,0.019455  ,-0.000640 ,86.320000 
32.700000 ,-31.719660,-0.274039 ,6.605000  ,6.761244  ,0.019455  ,-0.002809 ,86.320000 
32.720000 ,-31.596903,-0.224852 ,6.619506  ,6.798657  ,0.014183  ,-0.046194 ,86.400000 
32.720000 ,-31.596903,-0.224852 ,6.619506  ,6.798657  ,0.014183  ,0.015044  ,86.400000 
32.740000 ,-31.473078,-0.177534 ,6.636138  ,6.793867  ,0.012767  ,0.008933  ,86.400000 
32.740000 ,-31.473078,-0.177534 ,6.636138  ,6.793867  ,0.012767  ,-0.008110 ,86.400000 
32.760000 ,-31.348255,-0.131999 ,6.650781  ,6.812626  ,0.000000  ,-0.038309 ,86.490000 
32.760000 ,-31.348255,-0.131999 ,6.650781  ,6.812626  ,0.000000  ,0.068589  ,86.490000 
32.780000 ,-31.222444,-0.088353 ,6.665807  ,6.851807  ,0.005834  ,0.021993  ,86.570000 
32.780000 ,-31.222444,-0.088353 ,6.665807  ,6.851807  ,0.005834  ,-0.064624 ,86.570000 
32.800000 ,-31.095776,-0.046226 ,6.683075  ,6.846751  ,0.006557  ,-0.050832 ,86.570000 
32.800000 ,-31.095776,-0.046226 ,6.683075  ,6.846751  ,0.006557  ,-0.010423 ,86.570000 
32.820000 ,-30.968242,-0.005710 ,6.698270  ,6.865779  ,0.000000  ,-0.001195 ,86.660000 
32.820000 ,-30.968242,-0.005710 ,6.698270  ,6.865779  ,0.000000  ,0.002494  ,86.660000 
32.840000 ,-30.839958,0.033430  ,6.713822  ,6.923059  ,0.004950  ,0.056471  ,86.750000 
32.840000 ,-30.839958,0.033430  ,6.713822  ,6.923059  ,0.004950  ,-0.010694 ,86.750000 
32.860000 ,-30.710841,0.071000  ,6.733247  ,6.918742  ,0.008380  ,0.019324  ,86.750000 
32.860000 ,-30.710841,0.071000  ,6.733247  ,6.918742  ,0.008380  ,0.032836  ,86.750000 
32.880000 ,-30.580895,0.106993  ,6.750468  ,6.951516  ,0.010183  ,0.045383  ,86.830000 
32.880000 ,-30.580895,0.106993  ,6.750468  ,6.951516  ,0.010183  ,0.028223  ,86.830000 
32.900000 ,-30.450203,0.141603  ,6.769133  ,7.016495  ,0.012470  ,0.050695  ,86.920000 
32.900000 ,-30.450203,0.141603  ,6.769133  ,7.016495  ,0.012470  ,0.016918  ,86.920000 
32.920000 ,-30.318721,0.174825  ,6.792098  ,7.014857  ,0.018523  ,-0.036035 ,86.920000 
32.920000 ,-30.318721,0.174825  ,6.792098  ,7.014857  ,0.018523  ,0.021218  ,86.920000 
32.940000 ,-30.186481,0.206800  ,6.812779  ,7.058943  ,0.023453  ,-0.002873 ,87.010000 
32.940000 ,-30.186481,0.206800  ,6.812779  ,7.058943  ,0.023453  ,-0.056192 ,87.010000 
32.960000 ,-30.053496,0.237518  ,6.835633  ,7.135403  ,0.028933  ,0.004259  ,87.090000 
32.960000 ,-30.053496,0.237518  ,6.835633  ,7.135403  ,0.028933  ,0.060989  ,87.090000 
32.980000 ,-29.919639,0.266664  ,6.863463  ,7.140183  ,0.037389  ,0.008773  ,87.090000 
32.980000 ,-29.919639,0.266664  ,6.863463  ,7.140183  ,0.037389  ,0.081343  ,87.090000 
33.000000 ,-29.784904,0.294241  ,6.889153  ,7.191352  ,0.044593  ,0.004325  ,87.180000 
33.000000 ,-29.784904,0.294241  ,6.889153  ,7.191352  ,0.044593  ,-0.013909 ,87.180000 
33.020000 ,-29.649304,0.320221  ,6.917209  ,7.282405  ,0.051876  ,0.010437  ,87.260000 
33.020000 ,-29.649304,0.320221  ,6.917209  ,7.282405  ,0.051876  ,-0.014224 ,87.260000 
33.040000 ,-29.512770,0.344562  ,6.951114  ,7.308559  ,0.061301  ,0.071864  ,87.260000 
33.040000 ,-29.512770,0.344562  ,6.951114  ,7.308559  ,0.061301  ,-0.031928 ,87.260000 
33.060000 ,-29.375264,0.367198  ,6.984298  ,7.362298  ,0.069550  ,0.049508  ,87.350000 
33.060000 ,-29.375264,0.367198  ,6.984298  ,7.362298  ,0.069550  ,-0.000759 ,87.350000 
33.080000 ,-29.236789,0.388080  ,7.019392  ,7.452291  ,0.077528  ,-0.025009 ,87.440000 
33.080000 ,-29.236789,0.388080  ,7.019392  ,7.452291  ,0.077528  ,-0.005702 ,87.440000 
33.100000 ,-29.097326,0.407385  ,7.059581  ,7.586590  ,0.085421  ,0.027849  ,87.520000 
33.100000 ,-29.097326,0.407385  ,7.059581  ,7.586590  ,0.085421  ,-0.009860 ,87.520000 
33.120000 ,-28.956751,0.425100  ,7.108508  ,7.561846  ,0.095303  ,-0.006246 ,87.520000 
33.120000 ,-28.956751,0.425100  ,7.108508  ,7.561846  ,0.095303  ,-0.035313 ,87.520000 
33.140000 ,-28.815048,0.441026  ,7.150596  ,7.656371  ,0.103225  ,0.036617  ,87.610000 
33.140000 ,-28.815048,0.441026  ,7.150596  ,7.656371  ,0.103225  ,0.050456  ,87.610000 
33.160000 ,-28.672280,0.455365  ,7.197551  ,7.809511  ,0.110810  ,-0.048909 ,87.690000 
33.160000 ,-28.672280,0.455365  ,7.197551  ,7.809511  ,0.110810  ,0.023067  ,87.690000 
33.180000 ,-28.528305,0.467964  ,7.254365  ,7.814229  ,0.119139  ,0.025900  ,87.690000 
33.180000 ,-28.528305,0.467964  ,7.254365  ,7.814229  ,0.119139  ,0.019546  ,87.690000 
33.200000 ,-28.383114,0.479036  ,7.306342  ,7.889901  ,0.126131  ,0.037634  ,87.780000 
33.200000 ,-28.383114,0.479036  ,7.306342  ,7.889901  ,0.126131  ,0.086950  ,87.780000 
33.220000 ,-28.236740,0.488412  ,7.360519  ,8.000000  ,0.132387  ,-0.007872 ,87.870000 
33.220000 ,-28.236740,0.488412  ,7.360519  ,8.000000  ,0.132387  ,0.004500  ,87.870000 
33.240000 ,-28.089141,0.496323  ,7.419888  ,8.000000  ,0.138095  ,-0.009841 ,87.950000 
33.240000 ,-28.089141,0.496323  ,7.419888  ,8.000000  ,0.138095  ,0.033252  ,87.950000 
33.260000 ,-27.940340,0.502813  ,7.473745  ,8.000000  ,0.143857  ,-0.042410 ,87.950000 
33.260000 ,-27.940340,0.502813  ,7.473745  ,8.000000  ,0.143857  ,0.063064  ,87.950000 
33.280000 ,-27.790458,0.507912  ,7.522602  ,8.000000  ,0.148280  ,-0.031010 ,88.040000 
33.280000 ,-27.790458,0.507912  ,7.522602  ,8.000000  ,0.148280  ,-0.018588 ,88.040000 
33.300000 ,-27.639604,0.511636  ,7.566923  ,8.000000  ,0.151842  ,0.029349  ,88.120000 
33.300000 ,-27.639604,0.511636  ,7.566923  ,8.000000  ,0.151842  ,-0.047539 ,88.120000 
33.320000 ,-27.487874,0.513776  ,7.607130  ,8.000000  ,0.154214  ,0.015260  ,88.210000 
33.320000 ,-27.487874,0.513776  ,7.607130  ,8.000000  ,0.154214  ,-0.017913 ,88.210000 
33.340000 ,-27.335364,0.514320  ,7.643603  ,8.000000  ,0.155386  ,0.016457  ,88.210000 
33.340000 ,-27.335364,0.514320  ,7.643603  ,8.000000  ,0.155386  ,-0.047777 ,88.210000 
33.360000 ,-27.182159,0.513609  ,7.676691  ,8.000000  ,0.155322  ,-0.026072 ,88.300000 
33.360000 ,-27.182159,0.513609  ,7.676691  ,8.000000  ,0.155322  ,-0.035134 ,88.300000 
33.380000 ,-27.028333,0.511779  ,7.706707  ,8.000000  ,0.154248  ,0.003448  ,88.380000 
33.380000 ,-27.028333,0.511779  ,7.706707  ,8.000000  ,0.154248  ,0.017288  ,88.380000 
33.400000 ,-26.873954,0.508707  ,7.733936  ,8.000000  ,0.152009  ,0.032234  ,88.470000 
33.400000 ,-26.873954,0.508707  ,7.733936  ,8.000000  ,0.152009  ,-0.029737 ,88.470000 
33.420000 ,-26.719084,0.504453  ,7.758637  ,8.000000  ,0.148629  ,-0.030174 ,88.470000 
33.420000 ,-26.719084,0.504453  ,7.758637  ,8.000000  ,0.148629  ,-0.022258 ,88.470000 
33.440000 ,-26.563772,0.499243  ,7.781045  ,8.000000  ,0.144292  ,-0.005150 ,88.550000 
33.440000 ,-26.563772,0.499243  ,7.781045  ,8.000000  ,0.144292  ,-0.061267 ,88.550000 
33.460000 ,-26.408056,0.493379  ,7.801372  ,8.000000  ,0.139291  ,-0.008285 ,88.640000 
33.460000 ,-26.408056,0.493379  ,7.801372  ,8.000000  ,0.139291  ,-0.009327 ,88.640000 
33.480000 ,-26.251983,0.486752  ,7.819813  ,8.000000  ,0.133498  ,-0.072996 ,88.730000 
33.480000 ,-26.251983,0.486752  ,7.819813  ,8.000000  ,0.133498  ,0.022705  ,88.730000 
33.500000 ,-26.095587,0.479469  ,7.836541  ,8.000000  ,0.126989  ,-0.019602 ,88.810000 
33.500000 ,-26.095587,0.479469  ,7.836541  ,8.000000  ,0.126989  ,0.048048  ,88.810000 
33.520000 ,-25.938907,0.471462  ,7.851717  ,8.000000  ,0.119569  ,-0.021975 ,88.810000 
33.520000 ,-25.938907,0.471462  ,7.851717  ,8.000000  ,0.119569  ,0.080145  ,88.810000 
33.540000 ,-25.781994,0.462420  ,7.865483  ,8.000000  ,0.111100  ,0.032020  ,88.900000 
33.540000 ,-25.781994,0.462420  ,7.865483  ,8.000000  ,0.111100  ,0.023647  ,88.900000 
33.560000 ,-25.624858,0.452707  ,7.877971  ,8.000000  ,0.101875  ,0.043631  ,88.980000 
33.560000 ,-25.624858,0.452707  ,7.877971  ,8.000000  ,0.101875  ,-0.010457 ,88.980000 
33.580000 ,-25.467517,0.442460  ,7.889300  ,8.000000  ,0.092036  ,-0.007882 ,89.070000 
33.580000 ,-25.467517,0.442460  ,7.889300  ,8.000000  ,0.092036  ,-0.010690 ,89.070000 
33.600000 ,-25.309970,0.432060  ,7.899578  ,8.000000  ,0.081913  ,-0.015297 ,89.070000 
33.600000 ,-25.309970,0.432060  ,7.899578  ,8.000000  ,0.081913  ,-0.031884 ,89.070000 
33.620000 ,-25.152232,0.421573  ,7.908901  ,8.000000  ,0.071679  ,0.019255  ,89.160000 
33.620000 ,-25.152232,0.421573  ,7.908901  ,8.000000  ,0.071679  ,0.030278  ,89.160000 
33.640000 ,-24.994323,0.410986  ,7.917358  ,8.000000  ,0.061285  ,0.059775  ,89.240000 
33.640000 ,-24.994323,0.410986  ,7.917358  ,8.000000  ,0.061285  ,-0.010116 ,89.240000 
33.660000 ,-24.836238,0.400619  ,7.925031  ,8.000000  ,0.051059  ,-0.031580 ,89.330000 
33.660000 ,-24.836238,0.400619  ,7.925031  ,8.000000  ,0.051059  ,0.051412  ,89.330000 
33.680000 ,-24.677969,0.390833  ,7.931991  ,8.000000  ,0.041366  ,-0.000242 ,89.410000 
33.680000 ,-24.677969,0.390833  ,7.931991  ,8.000000  ,0.041366  ,-0.056386 ,89.410000 
33.700000 ,-24.519507,0.382085  ,7.938305  ,8.000000  ,0.032637  ,-0.012206 ,89.410000 
33.700000 ,-24.519507,0.382085  ,7.938305  ,8.000000  ,0.032637  ,-0.042985 ,89.410000 
33.720000 ,-24.360876,0.374259  ,7.944032  ,8.000000  ,0.024819  ,0.007695  ,89.500000 
33.720000 ,-24.360876,0.374259  ,7.944032  ,8.000000  ,0.024819  ,-0.007147 ,89.500000 
33.740000 ,-24.202090,0.367422  ,7.949228  ,8.000000  ,0.017960  ,-0.007223 ,89.590000 
33.740000 ,-24.202090,0.367422  ,7.949228  ,8.000000  ,0.017960  ,0.016420  ,89.590000 
33.760000 ,-24.043168,0.361515  ,7.953942  ,8.000000  ,0.012004  ,-0.020424 ,89.670000 
33.760000 ,-24.043168,0.361515  ,7.953942  ,8.000000  ,0.012004  ,0.030892  ,89.670000 
33.780000 ,-23.884122,0.356611  ,7.958218  ,8.000000  ,0.007030  ,-0.040618 ,89.760000 
33.780000 ,-23.884122,0.356611  ,7.958218  ,8.000000  ,0.007030  ,0.036460  ,89.760000 
33.800000 ,-23.724970,0.352560  ,7.962097  ,8.000000  ,0.002881  ,-0.012776 ,89.760000 
33.800000 ,-23.724970,0.352560  ,7.962097  ,8.000000  ,0.002881  ,-0.010158 ,89.760000 
33.820000 ,-23.565730,0.349107  ,7.965616  ,8.000000  ,0.000672  ,0.020425  ,89.850000 
33.820000 ,-23.565730,0.349107  ,7.965616  ,8.000000  ,0.000672  ,0.008016  ,89.850000 
33.840000 ,-23.406418,0.345861  ,7.968808  ,8.000000  ,0.000000  ,-0.055863 ,89.930000 
33.840000 ,-23.406418,0.345861  ,7.968808  ,8.000000  ,0.000000  ,-0.019680 ,89.930000 
33.860000 ,-23.247039,0.342969  ,7.971704  ,8.000000  ,0.007035  ,0.005013  ,90.020000 
33.860000 ,-23.247039,0.342969  ,7.971704  ,8.000000  ,0.007035  ,-0.024837 ,90.020000 
33.880000 ,-23.087603,0.340160  ,7.974331  ,8.000000  ,0.009963  ,0.060404  ,90.100000 
33.880000 ,-23.087603,0.340160  ,7.974331  ,8.000000  ,0.009963  ,-0.052442 ,90.100000 
33.900000 ,-22.928128,0.336812  ,7.976714  ,8.000000  ,0.013425  ,0.033417  ,90.100000 
33.900000 ,-22.928128,0.336812  ,7.976714  ,8.000000  ,0.013425  ,0.070155  ,90.100000 
33.920000 ,-22.768615,0.333100  ,7.978876  ,8.000000  ,0.017250  ,0.043092  ,90.190000 
33.920000 ,-22.768615,0.333100  ,7.978876  ,8.000000  ,0.017250  ,-0.002356 ,90.190000 
33.940000 ,-22.609060,0.329390  ,7.980837  ,8.000000  ,0.021067  ,0.002543  ,90.280000 
33.940000 ,-22.609060,0.329390  ,7.980837  ,8.000000  ,0.021067  ,0.021953  ,90.280000 
33.960000 ,-22.449467,0.325758  ,7.982616  ,8.000000  ,0.024799  ,0.005236  ,90.360000 
33.960000 ,-22.449467,0.325758  ,7.982616  ,8.000000  ,0.024799  ,0.058361  ,90.360000 
33.980000 ,-22.289840,0.322098  ,7.984230  ,8.000000  ,0.028552  ,-0.005042 ,90.450000 
33.980000 ,-22.289840,0.322098  ,7.984230  ,8.000000  ,0.028552  ,-0.004240 ,90.450000 
34.000000 ,-22.130184,0.318405  ,7.985694  ,8.000000  ,0.032316  ,-0.016093 ,90.450000 
34.000000 ,-22.130184,0.318405  ,7.985694  ,8.000000  ,0.032316  ,0.065735  ,90.450000 
34.020000 ,-21.970496,0.314849  ,7.987022  ,8.000000  ,0.035940  ,0.049318  ,90.530000 
34.020000 ,-21.970496,0.314849  ,7.987022  ,8.000000  ,0.035940  ,-0.041944 ,90.530000 
34.040000 ,-21.810777,0.311574  ,7.988227  ,8.000000  ,0.039272  ,0.013352  ,90.620000 
34.040000 ,-21.810777,0.311574  ,7.988227  ,8.000000  ,0.039272  ,0.016813  ,90.620000 
34.060000 ,-21.651031,0.308500  ,7.989320  ,8.000000  ,0.042391  ,0.021619  ,90.710000 
34.060000 ,-21.651031,0.308500  ,7.989320  ,8.000000  ,0.042391  ,-0.058510 ,90.710000 
34.080000 ,-21.491254,0.305975  ,7.990312  ,8.000000  ,0.044949  ,0.024070  ,90.790000 
34.080000 ,-21.491254,0.305975  ,7.990312  ,8.000000  ,0.044949  ,0.027976  ,90.790000 
34.100000 ,-21.331450,0.304112  ,7.991211  ,8.000000  ,0.046822  ,0.018598  ,90.790000 
34.100000 ,-21.331450,0.304112  ,7.991211  ,8.000000  ,0.046822  ,0.030101  ,90.790000 
34.120000 ,-21.171622,0.302994  ,7.992027  ,8.000000  ,0.047945  ,-0.019881 ,90.880000 
34.120000 ,-21.171622,0.302994  ,7.992027  ,8.000000  ,0.047945  ,-0.040959 ,90.880000 
34.140000 ,-21.011774,0.302707  ,7.992767  ,8.000000  ,0.048224  ,-0.011365 ,90.960000 
34.140000 ,-21.011774,0.302707  ,7.992767  ,8.000000  ,0.048224  ,0.065763  ,90.960000 
34.160000 ,-20.851913,0.303303  ,7.993439  ,8.000000  ,0.047602  ,0.013636  ,91.050000 
34.160000 ,-20.851913,0.303303  ,7.993439  ,8.000000  ,0.047602  ,-0.051477 ,91.050000 
34.180000 ,-20.692043,0.304588  ,7.994048  ,8.000000  ,0.046268  ,0.003336  ,91.140000 
34.180000 ,-20.692043,0.304588  ,7.994048  ,8.000000  ,0.046268  ,0.006531  ,91.140000 
34.200000 ,-20.532169,0.306564  ,7.994600  ,8.000000  ,0.044166  ,-0.002633 ,91.140000 
34.200000 ,-20.532169,0.306564  ,7.994600  ,8.000000  ,0.044166  ,0.008835  ,91.140000 
34.220000 ,-20.372294,0.309207  ,7.995102  ,8.000000  ,0.041384  ,-0.025090 ,91.220000 
34.220000 ,-20.372294,0.309207  ,7.995102  ,8.000000  ,0.041384  ,0.031787  ,91.220000 
34.240000 ,-20.212417,0.312299  ,7.995557  ,8.000000  ,0.038108  ,-0.060520 ,91.310000 
34.240000 ,-20.212417,0.312299  ,7.995557  ,8.000000  ,0.038108  ,0.033237  ,91.310000 
34.260000 ,-20.052536,0.315589  ,7.995969  ,8.000000  ,0.034583  ,0.024271  ,91.390000 
34.260000 ,-20.052536,0.315589  ,7.995969  ,8.000000  ,0.034583  ,0.055706  ,91.390000 
34.280000 ,-19.892647,0.318901  ,7.996343  ,8.000000  ,0.030980  ,-0.056211 ,91.480000 
34.280000 ,-19.892647,0.318901  ,7.996343  ,8.000000  ,0.030980  ,-0.020394 ,91.480000 
34.300000 ,-19.732743,0.321809  ,7.996683  ,8.000000  ,0.027643  ,0.003822  ,91.480000 
34.300000 ,-19.732743,0.321809  ,7.996683  ,8.000000  ,0.027643  ,0.074518  ,91.480000 
34.320000 ,-19.572826,0.324286  ,7.996991  ,8.000000  ,0.024716  ,0.006616  ,91.570000 
34.320000 ,-19.572826,0.324286  ,7.996991  ,8.000000  ,0.024716  ,-0.009707 ,91.570000 
34.340000 ,-19.412891,0.325867  ,7.997270  ,8.000000  ,0.022612  ,0.037745  ,91.650000 
34.340000 ,-19.412891,0.325867  ,7.997270  ,8.000000  ,0.022612  ,-0.050405 ,91.650000 
34.360000 ,-19.252945,0.326691  ,7.997524  ,8.000000  ,0.021188  ,0.053936  ,91.740000 
34.360000 ,-19.252945,0.326691  ,7.997524  ,8.000000  ,0.021188  ,-0.026440 ,91.740000 
34.380000 ,-19.092993,0.326740  ,7.997754  ,8.000000  ,0.020457  ,-0.055474 ,91.820000 
34.380000 ,-19.092993,0.326740  ,7.997754  ,8.000000  ,0.020457  ,-0.066750 ,91.820000 
34.400000 ,-18.933036,0.326304  ,7.997962  ,8.000000  ,0.020026  ,0.014155  ,91.820000 
34.400000 ,-18.933036,0.326304  ,7.997962  ,8.000000  ,0.020026  ,0.004021  ,91.820000 
34.420000 ,-18.773078,0.325370  ,7.998151  ,8.000000  ,0.020068  ,0.039439  ,91.910000 
34.420000 ,-18.773078,0.325370  ,7.998151  ,8.000000  ,0.020068  ,-0.009093 ,91.910000 
34.440000 ,-18.613122,0.323665  ,7.998323  ,8.000000  ,0.020787  ,-0.006953 ,92.000000 
34.440000 ,-18.613122,0.323665  ,7.998323  ,8.000000  ,0.020787  ,-0.032797 ,92.000000 
34.460000 ,-18.453166,0.321726  ,7.998479  ,8.000000  ,0.021644  ,0.014728  ,92.080000 
34.460000 ,-18.453166,0.321726  ,7.998479  ,8.000000  ,0.021644  ,0.017437  ,92.080000 
34.480000 ,-18.293207,0.319737  ,7.998620  ,8.000000  ,0.022451  ,-0.050161 ,92.170000 
34.480000 ,-18.293207,0.319737  ,7.998620  ,8.000000  ,0.022451  ,0.037063  ,92.170000 
34.500000 ,-18.133246,0.317758  ,7.998748  ,8.000000  ,0.023032  ,-0.025690 ,92.170000 
34.500000 ,-18.133246,0.317758  ,7.998748  ,8.000000  ,0.023032  ,-0.025145 ,92.170000 
34.520000 ,-17.973280,0.315972  ,7.998864  ,8.000000  ,0.023392  ,-0.011932 ,92.250000 
34.520000 ,-17.973280,0.315972  ,7.998864  ,8.000000  ,0.023392  ,-0.020327 ,92.250000 
34.540000 ,-17.813310,0.314307  ,7.998970  ,8.000000  ,0.023524  ,0.042526  ,92.340000 
34.540000 ,-17.813310,0.314307  ,7.998970  ,8.000000  ,0.023524  ,0.030107  ,92.340000 
34.560000 ,-17.653336,0.312872  ,7.999065  ,8.000000  ,0.023318  ,-0.026400 ,92.430000 
34.560000 ,-17.653336,0.312872  ,7.999065  ,8.000000  ,0.023318  ,-0.032868 ,92.430000 
34.580000 ,-17.493358,0.311759  ,7.999152  ,8.000000  ,0.022681  ,-0.008586 ,92.510000 
34.580000 ,-17.493358,0.311759  ,7.999152  ,8.000000  ,0.022681  ,0.006662  ,92.510000 
34.600000 ,-17.333375,0.311226  ,7.999231  ,8.000000  ,0.021233  ,-0.000517 ,92.510000 
34.600000 ,-17.333375,0.311226  ,7.999231  ,8.000000  ,0.021233  ,0.015089  ,92.510000 
34.620000 ,-17.173390,0.311053  ,7.999302  ,8.000000  ,0.019396  ,-0.072811 ,92.600000 
34.620000 ,-17.173390,0.311053  ,7.999302  ,8.000000  ,0.019396  ,0.046172  ,92.600000 
34.640000 ,-17.013403,0.311224  ,7.999367  ,8.000000  ,0.017103  ,0.030412  ,92.690000 
34.640000 ,-17.013403,0.311224  ,7.999367  ,8.000000  ,0.017103  ,0.010455  ,92.690000 
34.660000 ,-16.853416,0.311533  ,7.999426  ,8.000000  ,0.014561  ,0.009458  ,92.770000 
34.660000 ,-16.853416,0.311533  ,7.999426  ,8.000000  ,0.014561  ,-0.036627 ,92.770000 
34.680000 ,-16.693427,0.311527  ,7.999479  ,8.000000  ,0.012221  ,0.009562  ,92.860000 
34.680000 ,-16.693427,0.311527  ,7.999479  ,8.000000  ,0.012221  ,-0.027195 ,92.860000 
34.700000 ,-16.533437,0.311458  ,7.999528  ,8.000000  ,0.009717  ,-0.039593 ,92.860000 
34.700000 ,-16.533437,0.311458  ,7.999528  ,8.000000  ,0.009717  ,-0.007672 ,92.860000 
34.720000 ,-16.373446,0.311324  ,7.999571  ,8.000000  ,0.007250  ,-0.000549 ,92.940000 
34.720000 ,-16.373446,0.311324  ,7.999571  ,8.000000  ,0.007250  ,-0.074162 ,92.940000 
34.740000 ,-16.213455,0.310824  ,7.999611  ,8.000000  ,0.000000  ,0.000978  ,93.030000 
34.740000 ,-16.213455,0.310824  ,7.999611  ,8.000000  ,0.000000  ,0.011688  ,93.030000 
34.760000 ,-16.053465,0.309850  ,7.999647  ,8.000000  ,0.003194  ,0.034791  ,93.120000 
34.760000 ,-16.053465,0.309850  ,7.999647  ,8.000000  ,0.003194  ,0.073469  ,93.120000 
34.780000 ,-15.893478,0.308451  ,7.999680  ,8.000000  ,0.001669  ,0.009948  ,93.200000 
34.780000 ,-15.893478,0.308451  ,7.999680  ,8.000000  ,0.001669  ,-0.042722 ,93.200000 
34.800000 ,-15.733495,0.306581  ,7.999710  ,8.000000  ,0.000405  ,0.100096  ,93.200000 
34.800000 ,-15.733495,0.306581  ,7.999710  ,8.000000  ,0.000405  ,0.029674  ,93.200000 
34.820000 ,-15.573515,0.304469  ,7.999737  ,8.000000  ,0.000642  ,-0.030993 ,93.290000 
34.820000 ,-15.573515,0.304469  ,7.999737  ,8.000000  ,0.000642  ,0.013704  ,93.290000 
34.840000 ,-15.413534,0.302347  ,7.999761  ,8.000000  ,0.000000  ,-0.002775 ,93.370000 
34.840000 ,-15.413534,0.302347  ,7.999761  ,8.000000  ,0.000000  ,-0.014003 ,93.370000 
34.860000 ,-15.253547,0.300711  ,7.999783  ,8.000000  ,0.003494  ,-0.030204 ,93.460000 
34.860000 ,-15.253547,0.300711  ,7.999783  ,8.000000  ,0.003494  ,0.028214  ,93.460000 
34.880000 ,-15.093557,0.299354  ,7.999803  ,8.000000  ,0.005582  ,0.006679  ,93.550000 
34.880000 ,-15.093557,0.299354  ,7.999803  ,8.000000  ,0.005582  ,-0.047074 ,93.550000 
34.900000 ,-14.933567,0.297938  ,7.999822  ,8.000000  ,0.007785  ,0.021527  ,93.550000 
34.900000 ,-14.933567,0.297938  ,7.999822  ,8.000000  ,0.007785  ,0.035237  ,93.550000 
34.920000 ,-14.773575,0.296624  ,7.999838  ,8.000000  ,0.010111  ,-0.011102 ,93.630000 
34.920000 ,-14.773575,0.296624  ,7.999838  ,8.000000  ,0.010111  ,0.019256  ,93.630000 
34.940000 ,-14.613582,0.295628  ,7.999853  ,8.000000  ,0.012834  ,0.070872  ,93.720000 
34.940000 ,-14.613582,0.295628  ,7.999853  ,8.000000  ,0.012834  ,-0.044050 ,93.720000 
34.960000 ,-14.453587,0.294795  ,7.999867  ,8.000000  ,0.015795  ,-0.046355 ,93.800000 
34.960000 ,-14.453587,0.294795  ,7.999867  ,8.000000  ,0.015795  ,0.028479  ,93.800000 
34.980000 ,-14.293591,0.294116  ,7.999879  ,8.000000  ,0.018981  ,-0.011715 ,93.890000 
34.980000 ,-14.293591,0.294116  ,7.999879  ,8.000000  ,0.018981  ,0.011038  ,93.890000 
35.000000 ,-14.133593,0.293898  ,7.999890  ,8.000000  ,0.022754  ,-0.020711 ,93.890000 
35.000000 ,-14.133593,0.293898  ,7.999890  ,8.000000  ,0.022754  ,0.009727  ,93.890000 
35.020000 ,-13.973595,0.293689  ,7.999901  ,8.000000  ,0.026551  ,0.019760  ,93.980000 
35.020000 ,-13.973595,0.293689  ,7.999901  ,8.000000  ,0.026551  ,-0.020521 ,93.980000 
35.040000 ,-13.813598,0.293263  ,7.999910  ,8.000000  ,0.030187  ,0.022800  ,94.060000 
35.040000 ,-13.813598,0.293263  ,7.999910  ,8.000000  ,0.030187  ,-0.001763 ,94.060000 
35.060000 ,-13.653601,0.292681  ,7.999918  ,8.000000  ,0.033720  ,0.007506  ,94.150000 
35.060000 ,-13.653601,0.292681  ,7.999918  ,8.000000  ,0.033720  ,0.008750  ,94.150000 
35.080000 ,-13.493604,0.291978  ,7.999926  ,8.000000  ,0.037181  ,-0.056607 ,94.230000 
35.080000 ,-13.493604,0.291978  ,7.999926  ,8.000000  ,0.037181  ,-0.004372 ,94.230000 
35.100000 ,-13.333608,0.291058  ,7.999933  ,8.000000  ,0.040506  ,-0.049444 ,94.230000 
35.100000 ,-13.333608,0.291058  ,7.999933  ,8.000000  ,0.040506  ,0.022711  ,94.230000 
35.120000 ,-13.173615,0.289670  ,7.999939  ,8.000000  ,0.043372  ,-0.041389 ,94.320000 
35.120000 ,-13.173615,0.289670  ,7.999939  ,8.000000  ,0.043372  ,-0.015584 ,94.320000 
35.140000 ,-13.013634,0.287333  ,7.999945  ,8.000000  ,0.045325  ,-0.023091 ,94.410000 
35.140000 ,-13.013634,0.287333  ,7.999945  ,8.000000  ,0.045325  ,-0.008667 ,94.410000 
35.160000 ,-12.853672,0.283917  ,7.999950  ,8.000000  ,0.046229  ,0.018709  ,94.490000 
35.160000 ,-12.853672,0.283917  ,7.999950  ,8.000000  ,0.046229  ,0.058195  ,94.490000 
35.180000 ,-12.693735,0.279443  ,7.999954  ,8.000000  ,0.046104  ,0.017278  ,94.580000 
35.180000 ,-12.693735,0.279443  ,7.999954  ,8.000000  ,0.046104  ,0.031539  ,94.580000 
35.200000 ,-12.533835,0.273826  ,7.999959  ,8.000000  ,0.044878  ,-0.004658 ,94.580000 
35.200000 ,-12.533835,0.273826  ,7.999959  ,8.000000  ,0.044878  ,-0.014055 ,94.580000 
35.220000 ,-12.373968,0.267320  ,7.999963  ,8.000000  ,0.042766  ,-0.049864 ,94.660000 
35.220000 ,-12.373968,0.267320  ,7.999963  ,8.000000  ,0.042766  ,-0.015362 ,94.660000 
35.240000 ,-12.214136,0.260018  ,7.999966  ,8.000000  ,0.039873  ,0.042997  ,94.750000 
35.240000 ,-12.214136,0.260018  ,7.999966  ,8.000000  ,0.039873  ,0.025643  ,94.750000 
35.260000 ,-12.054350,0.251765  ,7.999969  ,8.000000  ,0.036042  ,-0.035857 ,94.840000 
35.260000 ,-12.054350,0.251765  ,7.999969  ,8.000000  ,0.036042  ,0.010665  ,94.840000 
35.280000 ,-11.894633,0.242270  ,7.999972  ,8.000000  ,0.030977  ,-0.012927 ,94.920000 
35.280000 ,-11.894633,0.242270  ,7.999972  ,8.000000  ,0.030977  ,0.034512  ,94.920000 
35.300000 ,-11.734973,0.231848  ,7.999975  ,8.000000  ,0.024990  ,-0.048972 ,94.920000 
35.300000 ,-11.734973,0.231848  ,7.999975  ,8.000000  ,0.024990  ,0.013686  ,94.920000 
35.320000 ,-11.575360,0.220737  ,7.999977  ,8.000000  ,0.018314  ,-0.005918 ,95.010000 
35.320000 ,-11.575360,0.220737  ,7.999977  ,8.000000  ,0.018314  ,0.011708  ,95.010000 
35.340000 ,-11.415791,0.209012  ,7.999979  ,8.000000  ,0.011021  ,0.039327  ,95.090000 
35.340000 ,-11.415791,0.209012  ,7.999979  ,8.000000  ,0.011021  ,0.036030  ,95.090000 
35.360000 ,-11.256259,0.196786  ,7.999981  ,8.000000  ,0.003223  ,0.044395  ,95.180000 
35.360000 ,-11.256259,0.196786  ,7.999981  ,8.000000  ,0.003223  ,0.038551  ,95.180000 
35.380000 ,-11.096743,0.184355  ,7.999983  ,8.000000  ,0.004786  ,-0.022536 ,95.270000 
35.380000 ,-11.096743,0.184355  ,7.999983  ,8.000000  ,0.004786  ,-0.039789 ,95.270000 
35.400000 ,-10.937200,0.172281  ,7.999984  ,8.000000  ,0.012463  ,0.093097  ,95.270000 
35.400000 ,-10.937200,0.172281  ,7.999984  ,8.000000  ,0.012463  ,0.027806  ,95.270000 
35.420000 ,-10.777615,0.160769  ,7.999986  ,8.000000  ,0.019581  ,-0.037902 ,95.350000 
35.420000 ,-10.777615,0.160769  ,7.999986  ,8.000000  ,0.019581  ,0.026629  ,95.350000 
35.440000 ,-10.617998,0.149712  ,7.999987  ,8.000000  ,0.026259  ,0.023813  ,95.440000 
35.440000 ,-10.617998,0.149712  ,7.999987  ,8.000000  ,0.026259  ,0.021169  ,95.440000 
35.460000 ,-10.458319,0.139592  ,7.999988  ,8.000000  ,0.032015  ,-0.020034 ,95.520000 
35.460000 ,-10.458319,0.139592  ,7.999988  ,8.000000  ,0.032015  ,0.045528  ,95.520000 
35.480000 ,-10.298581,0.130440  ,7.999990  ,8.000000  ,0.036823  ,0.051423  ,95.610000 
35.480000 ,-10.298581,0.130440  ,7.999990  ,8.000000  ,0.036823  ,-0.060217 ,95.610000 
35.500000 ,-10.138771,0.122674  ,7.999990  ,8.000000  ,0.040296  ,-0.038654 ,95.610000 
35.500000 ,-10.138771,0.122674  ,7.999990  ,8.000000  ,0.040296  ,-0.043792 ,95.610000 
35.520000 ,-9.978900 ,0.116263  ,7.999991  ,8.000000  ,0.042420  ,0.064039  ,95.700000 
35.520000 ,-9.978900 ,0.116263  ,7.999991  ,8.000000  ,0.042420  ,-0.007378 ,95.700000 
35.540000 ,-9.818970 ,0.111565  ,7.999992  ,8.000000  ,0.042858  ,0.041884  ,95.780000 
35.540000 ,-9.818970 ,0.111565  ,7.999992  ,8.000000  ,0.042858  ,-0.023002 ,95.780000 
35.560000 ,-9.659000 ,0.108495  ,7.999993  ,8.000000  ,0.041698  ,-0.013043 ,95.870000 
35.560000 ,-9.659000 ,0.108495  ,7.999993  ,8.000000  ,0.041698  ,-0.033921 ,95.870000 
35.580000 ,-9.499005 ,0.107364  ,7.999994  ,8.000000  ,0.038630  ,-0.044248 ,95.960000 
35.580000 ,-9.499005 ,0.107364  ,7.999994  ,8.000000  ,0.038630  ,0.043268  ,95.960000 
35.600000 ,-9.339006 ,0.107832  ,7.999994  ,8.000000  ,0.034040  ,0.006163  ,95.960000 
35.600000 ,-9.339006 ,0.107832  ,7.999994  ,8.000000  ,0.034040  ,0.025954  ,95.960000 
35.620000 ,-9.179014 ,0.109312  ,7.999995  ,8.000000  ,0.028448  ,-0.014439 ,96.040000 
35.620000 ,-9.179014 ,0.109312  ,7.999995  ,8.000000  ,0.028448  ,0.009181  ,96.040000 
35.640000 ,-9.019026 ,0.111292  ,7.999995  ,8.000000  ,0.022394  ,-0.009002 ,96.130000 
35.640000 ,-9.019026 ,0.111292  ,7.999995  ,8.000000  ,0.022394  ,-0.020783 ,96.130000 
35.660000 ,-8.859045 ,0.113732  ,7.999996  ,8.000000  ,0.015922  ,-0.023507 ,96.210000 
35.660000 ,-8.859045 ,0.113732  ,7.999996  ,8.000000  ,0.015922  ,0.022425  ,96.210000 
35.680000 ,-8.699065 ,0.116263  ,7.999996  ,8.000000  ,0.009400  ,-0.004248 ,96.300000 
35.680000 ,-8.699065 ,0.116263  ,7.999996  ,8.000000  ,0.009400  ,-0.060580 ,96.300000 
35.700000 ,-8.539080 ,0.118460  ,7.999996  ,8.000000  ,0.003307  ,0.010205  ,96.300000 
35.700000 ,-8.539080 ,0.118460  ,7.999996  ,8.000000  ,0.003307  ,-0.060744 ,96.300000 
35.720000 ,-8.379088 ,0.120052  ,7.999997  ,8.000000  ,0.002171  ,0.019236  ,96.390000 
35.720000 ,-8.379088 ,0.120052  ,7.999997  ,8.000000  ,0.002171  ,0.082714  ,96.390000 
35.740000 ,-8.219090 ,0.120829  ,7.999997  ,8.000000  ,0.006786  ,-0.079441 ,96.470000 
35.740000 ,-8.219090 ,0.120829  ,7.999997  ,8.000000  ,0.006786  ,0.006634  ,96.470000 
35.760000 ,-8.059090 ,0.120897  ,7.999997  ,8.000000  ,0.010645  ,0.022999  ,96.560000 
35.760000 ,-8.059090 ,0.120897  ,7.999997  ,8.000000  ,0.010645  ,-0.062255 ,96.560000 
35.780000 ,-7.899093 ,0.120060  ,7.999998  ,8.000000  ,0.013548  ,0.033241  ,96.640000 
35.780000 ,-7.899093 ,0.120060  ,7.999998  ,8.000000  ,0.013548  ,-0.027459 ,96.640000 
35.800000 ,-7.739109 ,0.117865  ,7.999998  ,8.000000  ,0.014985  ,0.072097  ,96.640000 
35.800000 ,-7.739109 ,0.117865  ,7.999998  ,8.000000  ,0.014985  ,-0.000071 ,96.640000 
35.820000 ,-7.579140 ,0.114712  ,7.999998  ,8.000000  ,0.015451  ,0.030216  ,96.730000 
35.820000 ,-7.579140 ,0.114712  ,7.999998  ,8.000000  ,0.015451  ,0.008725  ,96.730000 
35.840000 ,-7.419178 ,0.111220  ,7.999998  ,8.000000  ,0.015523  ,-0.008677 ,96.820000 
35.840000 ,-7.419178 ,0.111220  ,7.999998  ,8.000000  ,0.015523  ,0.036512  ,96.820000 
35.860000 ,-7.259220 ,0.107559  ,7.999998  ,8.000000  ,0.015371  ,0.006488  ,96.900000 
35.860000 ,-7.259220 ,0.107559  ,7.999998  ,8.000000  ,0.015371  ,0.040969  ,96.900000 
35.880000 ,-7.099263 ,0.103829  ,7.999999  ,8.000000  ,0.015097  ,-0.030236 ,96.990000 
35.880000 ,-7.099263 ,0.103829  ,7.999999  ,8.000000  ,0.015097  ,0.052856  ,96.990000 
35.900000 ,-6.939307 ,0.100102  ,7.999999  ,8.000000  ,0.014705  ,-0.023755 ,96.990000 
35.900000 ,-6.939307 ,0.100102  ,7.999999  ,8.000000  ,0.014705  ,-0.025374 ,96.990000 
35.920000 ,-6.779348 ,0.096473  ,7.999999  ,8.000000  ,0.014397  ,0.051801  ,97.070000 
35.920000 ,-6.779348 ,0.096473  ,7.999999  ,8.000000  ,0.014397  ,-0.019767 ,97.070000 
35.940000 ,-6.619391 ,0.092762  ,7.999999  ,8.000000  ,0.013949  ,-0.004123 ,97.160000 
35.940000 ,-6.619391 ,0.092762  ,7.999999  ,8.000000  ,0.013949  ,-0.029801 ,97.160000 
35.960000 ,-6.459434 ,0.089080  ,7.999999  ,8.000000  ,0.013471  ,-0.020705 ,97.250000 
35.960000 ,-6.459434 ,0.089080  ,7.999999  ,8.000000  ,0.013471  ,0.026388  ,97.250000 
35.980000 ,-6.299470 ,0.085679  ,7.999999  ,8.000000  ,0.013215  ,-0.002943 ,97.330000 
35.980000 ,-6.299470 ,0.085679  ,7.999999  ,8.000000  ,0.013215  ,0.001485  ,97.330000 
36.000000 ,-6.139501 ,0.082498  ,7.999999  ,8.000000  ,0.013055  ,0.001544  ,97.330000 
36.000000 ,-6.139501 ,0.082498  ,7.999999  ,8.000000  ,0.013055  ,-0.078932 ,97.330000 
36.020000 ,-5.979535 ,0.079234  ,7.999999  ,8.000000  ,0.012796  ,0.005927  ,97.420000 
36.020000 ,-5.979535 ,0.079234  ,7.999999  ,8.000000  ,0.012796  ,0.045085  ,97.420000 
36.040000 ,-5.819567 ,0.076028  ,7.999999  ,8.000000  ,0.012536  ,0.008209  ,97.500000 
36.040000 ,-5.819567 ,0.076028  ,7.999999  ,8.000000  ,0.012536  ,0.011387  ,97.500000 
36.060000 ,-5.659599 ,0.072802  ,7.999999  ,8.000000  ,0.012195  ,-0.006947 ,97.590000 
36.060000 ,-5.659599 ,0.072802  ,7.999999  ,8.000000  ,0.012195  ,-0.023437 ,97.590000 
36.080000 ,-5.499634 ,0.069473  ,8.000000  ,8.000000  ,0.011690  ,-0.028334 ,97.680000 
36.080000 ,-5.499634 ,0.069473  ,8.000000  ,8.000000  ,0.011690  ,0.007134  ,97.680000 
36.100000 ,-5.339672 ,0.065980  ,8.000000  ,8.000000  ,0.010896  ,-0.041439 ,97.680000 
36.100000 ,-5.339672 ,0.065980  ,8.000000  ,8.000000  ,0.010896  ,-0.086746 ,97.680000 
36.120000 ,-5.179716 ,0.062251  ,8.000000  ,8.000000  ,0.009849  ,-0.002301 ,97.760000 
36.120000 ,-5.179716 ,0.062251  ,8.000000  ,8.000000  ,0.009849  ,0.011746  ,97.760000 
36.140000 ,-5.019773 ,0.057986  ,8.000000  ,8.000000  ,0.008207  ,-0.004128 ,97.850000 
36.140000 ,-5.019773 ,0.057986  ,8.000000  ,8.000000  ,0.008207  ,0.007900  ,97.850000 
36.160000 ,-4.859846 ,0.053129  ,8.000000  ,8.000000  ,0.005912  ,-0.029751 ,97.930000 
36.160000 ,-4.859846 ,0.053129  ,8.000000  ,8.000000  ,0.005912  ,0.003446  ,97.930000 
36.180000 ,-4.699934 ,0.047850  ,8.000000  ,8.000000  ,0.003135  ,0.040888  ,98.020000 
36.180000 ,-4.699934 ,0.047850  ,8.000000  ,8.000000  ,0.003135  ,-0.060773 ,98.020000 
36.200000 ,-4.540037 ,0.042094  ,8.000000  ,8.000000  ,0.000242  ,-0.020696 ,98.020000 
36.200000 ,-4.540037 ,0.042094  ,8.000000  ,8.000000  ,0.000242  ,0.012469  ,98.020000 
36.220000 ,-4.380153 ,0.035998  ,8.000000  ,8.000000  ,0.003973  ,0.057348  ,98.110000 
36.220000 ,-4.380153 ,0.035998  ,8.000000  ,8.000000  ,0.003973  ,0.011657  ,98.110000 
36.240000 ,-4.220268 ,0.029956  ,8.000000  ,8.000000  ,0.007709  ,-0.039103 ,98.190000 
36.240000 ,-4.220268 ,0.029956  ,8.000000  ,8.000000  ,0.007709  ,0.002622  ,98.190000 
36.260000 ,-4.060384 ,0.023849  ,8.000000  ,8.000000  ,0.011568  ,-0.020264 ,98.280000 
36.260000 ,-4.060384 ,0.023849  ,8.000000  ,8.000000  ,0.011568  ,-0.017277 ,98.280000 
36.280000 ,-3.900490 ,0.018044  ,8.000000  ,8.000000  ,0.015182  ,0.034678  ,98.360000 
36.280000 ,-3.900490 ,0.018044  ,8.000000  ,8.000000  ,0.015182  ,-0.026951 ,98.360000 
36.300000 ,-3.740591 ,0.012341  ,8.000000  ,8.000000  ,0.018809  ,-0.027236 ,98.360000 
36.300000 ,-3.740591 ,0.012341  ,8.000000  ,8.000000  ,0.018809  ,0.004498  ,98.360000 
36.320000 ,-3.580683 ,0.006936  ,8.000000  ,8.000000  ,0.022152  ,0.033355  ,98.450000 
36.320000 ,-3.580683 ,0.006936  ,8.000000  ,8.000000  ,0.022152  ,-0.053219 ,98.450000 
36.340000 ,-3.420748 ,0.002355  ,8.000000  ,7.998591  ,0.024724  ,0.045492  ,98.540000 
36.340000 ,-3.420748 ,0.002355  ,8.000000  ,7.998591  ,0.024724  ,0.002462  ,98.540000 
36.360000 ,-3.260799 ,-0.001463 ,7.999515  ,8.000000  ,0.026586  ,-0.014249 ,98.620000 
36.360000 ,-3.260799 ,-0.001463 ,7.999515  ,8.000000  ,0.026586  ,-0.046588 ,98.620000 
36.380000 ,-3.100831 ,-0.004125 ,7.999560  ,8.000000  ,0.027346  ,0.074598  ,98.710000 
36.380000 ,-3.100831 ,-0.004125 ,7.999560  ,8.000000  ,0.027346  ,-0.014010 ,98.710000 
36.400000 ,-2.940846 ,-0.005475 ,7.999601  ,8.000000  ,0.026895  ,-0.056236 ,98.710000 
36.400000 ,-2.940846 ,-0.005475 ,7.999601  ,8.000000  ,0.026895  ,-0.002720 ,98.710000 
36.420000 ,-2.780854 ,-0.005572 ,7.999638  ,8.000000  ,0.025204  ,-0.008567 ,98.800000 
36.420000 ,-2.780854 ,-0.005572 ,7.999638  ,8.000000  ,0.025204  ,-0.002896 ,98.800000 
36.440000 ,-2.620869 ,-0.004054 ,7.999671  ,8.000000  ,0.021945  ,0.040769  ,98.880000 
36.440000 ,-2.620869 ,-0.004054 ,7.999671  ,8.000000  ,0.021945  ,0.029616  ,98.880000 
36.460000 ,-2.460900 ,-0.001211 ,7.999702  ,7.998706  ,0.017409  ,0.033939  ,98.970000 
36.460000 ,-2.460900 ,-0.001211 ,7.999702  ,7.998706  ,0.017409  ,-0.018591 ,98.970000 
36.480000 ,-2.300956 ,0.002627  ,7.999359  ,8.000000  ,0.011928  ,0.050258  ,99.050000 
36.480000 ,-2.300956 ,0.002627  ,7.999359  ,8.000000  ,0.011928  ,0.023073  ,99.050000 
36.500000 ,-2.141047 ,0.007636  ,7.999418  ,8.000000  ,0.005353  ,-0.031808 ,99.050000 
36.500000 ,-2.141047 ,0.007636  ,7.999418  ,8.000000  ,0.005353  ,0.057117  ,99.050000 
36.520000 ,-1.981166 ,0.013490  ,7.999472  ,8.000000  ,0.002053  ,-0.003599 ,99.140000 
36.520000 ,-1.981166 ,0.013490  ,7.999472  ,8.000000  ,0.002053  ,0.014664  ,99.140000 
36.540000 ,-1.821318 ,0.020223  ,7.999521  ,8.000000  ,0.010292  ,-0.018236 ,99.230000 
36.540000 ,-1.821318 ,0.020223  ,7.999521  ,8.000000  ,0.010292  ,0.021816  ,99.230000 
36.560000 ,-1.661481 ,0.027243  ,7.999566  ,8.000000  ,0.018749  ,-0.004541 ,99.310000 
36.560000 ,-1.661481 ,0.027243  ,7.999566  ,8.000000  ,0.018749  ,-0.006772 ,99.310000 
36.580000 ,-1.501638 ,0.034141  ,7.999606  ,7.994688  ,0.027215  ,-0.047902 ,99.400000 
36.580000 ,-1.501638 ,0.034141  ,7.999606  ,7.994688  ,0.027215  ,0.056381  ,99.400000 
36.600000 ,-1.341795 ,0.040621  ,7.997913  ,7.992802  ,0.035001  ,-0.024754 ,99.400000 
36.600000 ,-1.341795 ,0.040621  ,7.997913  ,7.992802  ,0.035001  ,0.047702  ,99.400000 
36.620000 ,-1.181957 ,0.046318  ,7.996154  ,8.000000  ,0.041971  ,-0.002846 ,99.480000 
36.620000 ,-1.181957 ,0.046318  ,7.996154  ,8.000000  ,0.041971  ,-0.020653 ,99.480000 
36.640000 ,-1.022084 ,0.050434  ,7.996511  ,8.000000  ,0.047159  ,-0.071471 ,99.570000 
36.640000 ,-1.022084 ,0.050434  ,7.996511  ,8.000000  ,0.047159  ,-0.032396 ,99.570000 
36.660000 ,-0.862162 ,0.052156  ,7.996835  ,8.000000  ,0.051533  ,0.030749  ,99.660000 
36.660000 ,-0.862162 ,0.052156  ,7.996835  ,8.000000  ,0.051533  ,-0.006600 ,99.660000 
36.680000 ,-0.702225 ,0.051415  ,7.997129  ,8.000000  ,0.052599  ,0.030061  ,99.740000 
36.680000 ,-0.702225 ,0.051415  ,7.997129  ,8.000000  ,0.052599  ,0.022162  ,99.740000 
36.700000 ,-0.542312 ,0.048318  ,7.997395  ,7.997208  ,0.047608  ,-0.012774 ,99.740000 
36.700000 ,-0.542312 ,0.048318  ,7.997395  ,7.997208  ,0.047608  ,0.058008  ,99.740000 
36.720000 ,-0.382451 ,0.043086  ,7.997331  ,7.994760  ,0.043101  ,-0.031108 ,99.830000 
36.720000 ,-0.382451 ,0.043086  ,7.997331  ,7.994760  ,0.043101  ,-0.037982 ,99.830000 
36.740000 ,-0.222673 ,0.035971  ,7.996446  ,8.000000  ,0.071833  ,0.015916  ,100.000000
36.740000 ,-0.222673 ,0.035971  ,7.996446  ,8.000000  ,0.071833  ,0.031468  ,100.000000
